0 22
22 0
22 44
44 22
44 48
48 44
48 47
47 48
47 46
46 47
46 45
45 46
45 43
43 45
43 42
42 43
42 38
38 42
38 41
41 38
41 40
40 41
40 39
39 40
39 37
37 39
37 36
36 37
36 35
35 36
35 31
31 35
31 34
34 31
34 33
33 34
33 32
32 33
32 30
30 32
30 29
29 30
29 25
25 29
25 27
27 25
27 26
26 27
26 24
24 26
24 23
23 24
23 21
21 23
21 17
17 21
17 20
20 17
20 19
19 20
19 18
18 19
18 16
16 18
16 15
15 16
15 14
14 15
14 10
10 14
10 13
13 10
13 12
12 13
12 11
11 12
11 9
9 11
9 8
8 9
8 4
4 8
4 6
6 4
6 5
5 6
5 3
3 5
3 2
2 3
2 1
1 2
1 7
7 1
7 28
28 7
28 0
0 28
