4 43
43 4
43 2
2 43
2 17
17 2
17 19
19 17
19 15
15 19
15 45
45 15
45 25
25 45
25 12
12 25
12 47
47 12
47 11
11 47
11 38
38 11
38 7
7 38
7 34
34 7
34 5
5 34
5 21
21 5
21 9
9 21
9 20
20 9
20 35
35 20
35 31
31 35
31 46
46 31
46 0
0 46
0 40
40 0
40 13
13 40
13 41
41 13
41 44
44 41
44 24
24 44
24 26
26 24
26 36
36 26
36 39
39 36
39 16
16 39
16 6
6 16
6 1
1 6
1 18
18 1
18 48
48 18
48 10
10 48
10 29
29 10
29 27
27 29
27 42
42 27
42 14
14 42
14 37
37 14
37 28
28 37
28 23
23 28
23 30
30 23
30 22
22 30
22 3
3 22
3 32
32 3
32 33
33 32
33 8
8 33
8 4
4 8
