1 13
13 1
13 24
24 13
24 43
43 24
43 48
48 43
48 0
0 48
0 17
17 0
17 34
34 17
34 36
36 34
36 6
6 36
6 8
8 6
8 25
25 8
25 44
44 25
44 2
2 44
2 20
20 2
20 31
31 20
31 42
42 31
42 12
12 42
12 23
23 12
23 46
46 23
46 16
16 46
16 33
33 16
33 35
35 33
35 18
18 35
18 29
29 18
29 41
41 29
41 11
11 41
11 30
30 11
30 47
47 30
47 10
10 47
10 27
27 10
27 37
37 27
37 19
19 37
19 22
22 19
22 45
45 22
45 3
3 45
3 14
14 3
14 38
38 14
38 5
5 38
5 21
21 5
21 39
39 21
39 4
4 39
4 7
7 4
7 40
40 7
40 9
9 40
9 32
32 9
32 15
15 32
15 26
26 15
26 28
28 26
28 1
1 28
