0 1 -50.871324
0 2 -45.328125
0 3 -41.402159
0 4 -41.698910
0 7 -44.021119
0 8 -49.235695
0 9 -42.682225
0 10 -44.146439
0 14 -44.229885
0 15 -47.896433
0 16 -48.112467
0 21 -51.159710
0 22 -52.112484
0 28 -49.835335
1 0 -40.694294
1 2 -48.870624
1 3 -40.511586
1 4 -41.468645
1 5 -51.152544
1 7 -43.659744
1 8 -43.359935
1 9 -41.359674
1 10 -48.587176
1 11 -54.124142
1 14 -49.648007
1 15 -41.372988
1 16 -44.284109
1 17 -53.100450
1 21 -48.282695
1 22 -53.842573
1 23 -45.895625
1 29 -46.603086
2 0 -42.077705
2 1 -41.355045
2 3 -50.208594
2 4 -50.661638
2 5 -44.801213
2 6 -48.764777
2 7 -54.906682
2 8 -49.296359
2 9 -51.220932
2 10 -52.322312
2 11 -53.791800
2 12 -53.018820
2 14 -44.431616
2 15 -54.326240
2 16 -49.171265
2 17 -43.605103
2 18 -53.232854
2 22 -50.659865
2 23 -49.157968
2 24 -49.086189
2 30 -40.780212
3 0 -47.326498
3 1 -48.435964
3 2 -40.532975
3 4 -50.503590
3 5 -47.256762
3 6 -52.197865
3 7 -40.031022
3 8 -50.482619
3 9 -40.859935
3 10 -44.513388
3 11 -53.390800
3 12 -48.400408
3 13 -43.900626
3 15 -53.134267
3 16 -49.277079
3 17 -52.998557
3 18 -40.790303
3 19 -41.625958
3 23 -52.706663
3 24 -53.149258
3 25 -50.344946
3 31 -52.961123
4 0 -45.327875
4 1 -49.496043
4 2 -42.152662
4 3 -47.899637
4 5 -46.018217
4 6 -52.183546
4 8 -43.301178
4 9 -50.658268
4 10 -53.826429
4 11 -53.950923
4 12 -52.011828
4 13 -52.775234
4 16 -44.192178
4 17 -52.488161
4 18 -41.535369
4 19 -41.450586
4 20 -43.339691
4 24 -52.256286
4 25 -54.964280
4 26 -47.140900
4 32 -40.326124
5 1 -43.088858
5 2 -46.818042
5 3 -40.163955
5 4 -46.830394
5 6 -45.887036
5 9 -52.175522
5 10 -40.743407
5 11 -51.506339
5 12 -51.627655
5 13 -43.168047
5 17 -45.076765
5 18 -40.808734
5 19 -47.784038
5 20 -41.018120
5 25 -43.686620
5 26 -48.786058
5 27 -44.274058
5 33 -53.229024
6 2 -50.140271
6 3 -42.833460
6 4 -47.789109
6 5 -41.621278
6 10 -49.232818
6 11 -48.461110
6 12 -43.552832
6 13 -47.379934
6 18 -40.034337
6 19 -54.991571
6 20 -54.199884
6 26 -40.635026
6 27 -53.209553
6 34 -47.642708
7 0 -52.440654
7 1 -45.832538
7 2 -44.309040
7 3 -42.941621
7 8 -42.735091
7 9 -45.653719
7 10 -51.227885
7 11 -40.879711
7 14 -41.103068
7 15 -43.607687
7 16 -50.071732
7 17 -53.559803
7 21 -48.734446
7 22 -42.392485
7 23 -52.607767
7 28 -49.022020
7 29 -51.049638
7 35 -49.356554
8 0 -46.881173
8 1 -47.597925
8 2 -41.372507
8 3 -42.600471
8 4 -41.889665
8 7 -40.757901
8 9 -44.815894
8 10 -43.608271
8 11 -46.953512
8 12 -47.630519
8 14 -46.157103
8 15 -53.374419
8 16 -40.392039
8 17 -45.871748
8 18 -51.637512
8 21 -51.831336
8 22 -54.529476
8 23 -47.603619
8 24 -52.443249
8 28 -42.073266
8 29 -49.829078
8 30 -51.056928
8 36 -50.525116
9 0 -45.580299
9 1 -42.283008
9 2 -46.227560
9 3 -46.800532
9 4 -42.072598
9 5 -42.273850
9 7 -40.808725
9 8 -42.475801
9 10 -52.272289
9 11 -47.670611
9 12 -42.229607
9 13 -50.972248
9 14 -54.771183
9 15 -45.806359
9 16 -44.235296
9 17 -47.439215
9 18 -40.781320
9 19 -43.891850
9 21 -52.185957
9 22 -51.336041
9 23 -47.027685
9 24 -45.769421
9 25 -49.862704
9 29 -45.005776
9 30 -47.922710
9 31 -45.539150
9 37 -40.971564
10 0 -41.187386
10 1 -51.679570
10 2 -41.921079
10 3 -47.560446
10 4 -44.594885
10 5 -46.821546
10 6 -45.167929
10 7 -43.548209
10 8 -46.068526
10 9 -52.362097
10 11 -53.074706
10 12 -41.392846
10 13 -40.019335
10 14 -42.216534
10 15 -49.594808
10 16 -52.167527
10 17 -47.435604
10 18 -44.644803
10 19 -52.692053
10 20 -53.305725
10 22 -48.899884
10 23 -43.436130
10 24 -54.262015
10 25 -52.552551
10 26 -53.815648
10 30 -42.475896
10 31 -48.511487
10 32 -41.779061
10 38 -51.173134
11 1 -47.145836
11 2 -40.067956
11 3 -42.844670
11 4 -50.366906
11 5 -53.544576
11 6 -51.763609
11 7 -40.659299
11 8 -49.064793
11 9 -54.320940
11 10 -41.612488
11 12 -43.787576
11 13 -42.011969
11 15 -43.843496
11 16 -50.377637
11 17 -44.205065
11 18 -53.216394
11 19 -48.339230
11 20 -48.302249
11 23 -53.503930
11 24 -53.726082
11 25 -53.741286
11 26 -54.048498
11 27 -51.828393
11 31 -46.342175
11 32 -52.270114
11 33 -50.596867
11 39 -54.208106
12 2 -52.660684
12 3 -47.948041
12 4 -50.227410
12 5 -50.474839
12 6 -46.680045
12 8 -40.601685
12 9 -48.316246
12 10 -44.775570
12 11 -46.497989
12 13 -40.220090
12 16 -47.292892
12 17 -41.293596
12 18 -54.176954
12 19 -41.296543
12 20 -41.903890
12 24 -48.912775
12 25 -45.607288
12 26 -48.740517
12 27 -52.516631
12 32 -51.966168
12 33 -48.082160
12 34 -50.244047
12 40 -43.701755
13 3 -50.917227
13 4 -50.690700
13 5 -51.696027
13 6 -44.596347
13 9 -43.876635
13 10 -41.826737
13 11 -52.996391
13 12 -42.429653
13 17 -41.642969
13 18 -41.699791
13 19 -40.127666
13 20 -49.036673
13 25 -47.730705
13 26 -46.881499
13 27 -40.253859
13 33 -50.044339
13 34 -44.282948
13 41 -45.245065
14 0 -44.951290
14 1 -44.180325
14 2 -40.411017
14 7 -52.480962
14 8 -40.511649
14 9 -47.441992
14 10 -44.256093
14 15 -43.657208
14 16 -51.666730
14 17 -49.320221
14 18 -40.705764
14 21 -54.340223
14 22 -46.367367
14 23 -51.294514
14 24 -48.737941
14 28 -48.970577
14 29 -53.617383
14 30 -44.130863
14 35 -48.335019
14 36 -48.622942
14 42 -44.699163
15 0 -48.390296
15 1 -54.916602
15 2 -53.609098
15 3 -40.652290
15 7 -43.040026
15 8 -43.178236
15 9 -54.241214
15 10 -42.068093
15 11 -50.329944
15 14 -40.436212
15 16 -46.753964
15 17 -52.927570
15 18 -45.878402
15 19 -54.146373
15 21 -47.459381
15 22 -44.429829
15 23 -52.317029
15 24 -43.574301
15 25 -46.923193
15 28 -44.537574
15 29 -46.499018
15 30 -45.048364
15 31 -49.919585
15 35 -45.273161
15 36 -49.243711
15 37 -40.078859
15 43 -47.723464
16 0 -51.076259
16 1 -44.842487
16 2 -54.694490
16 3 -43.829870
16 4 -51.473095
16 7 -54.491447
16 8 -52.453104
16 9 -44.786206
16 10 -47.826333
16 11 -43.257118
16 12 -52.683464
16 14 -52.788947
16 15 -44.765291
16 17 -49.458738
16 18 -42.583589
16 19 -52.317201
16 20 -50.230348
16 21 -51.185196
16 22 -43.917543
16 23 -49.189453
16 24 -48.598505
16 25 -43.108959
16 26 -52.120519
16 28 -45.349457
16 29 -44.043787
16 30 -43.360750
16 31 -44.163943
16 32 -47.897266
16 36 -51.703310
16 37 -41.256666
16 38 -41.255506
16 44 -51.976279
17 1 -54.608541
17 2 -52.192696
17 3 -41.003197
17 4 -51.631404
17 5 -41.941374
17 7 -46.259655
17 8 -52.500904
17 9 -43.683078
17 10 -54.582022
17 11 -53.773671
17 12 -42.080264
17 13 -45.839034
17 14 -45.999377
17 15 -40.862664
17 16 -51.050815
17 18 -50.920785
17 19 -46.604366
17 20 -53.151416
17 21 -53.229963
17 22 -49.406998
17 23 -52.324179
17 24 -49.301959
17 25 -52.831287
17 26 -46.558083
17 27 -53.258899
17 29 -41.169472
17 30 -44.333449
17 31 -45.323341
17 32 -50.247835
17 33 -46.111342
17 37 -42.461849
17 38 -53.671013
17 39 -53.675197
17 45 -45.375621
18 2 -52.972199
18 3 -53.405332
18 4 -48.626534
18 5 -41.365580
18 6 -53.354070
18 8 -49.122238
18 9 -41.781945
18 10 -49.116091
18 11 -49.959566
18 12 -50.782458
18 13 -45.262630
18 14 -50.489156
18 15 -47.922171
18 16 -53.603211
18 17 -52.644771
18 19 -53.123492
18 20 -40.089422
18 22 -45.873404
18 23 -41.760900
18 24 -42.688570
18 25 -53.609401
18 26 -49.321598
18 27 -50.754307
18 30 -45.233344
18 31 -51.772110
18 32 -46.285811
18 33 -40.007785
18 34 -47.857879
18 38 -45.191077
18 39 -40.290461
18 40 -49.768540
18 46 -43.651996
19 3 -40.432776
19 4 -48.364407
19 5 -41.475984
19 6 -44.612944
19 9 -43.877417
19 10 -53.442408
19 11 -47.421538
19 12 -52.862865
19 13 -53.006614
19 15 -42.972275
19 16 -51.705041
19 17 -54.051407
19 18 -40.936475
19 20 -52.540930
19 23 -44.593040
19 24 -49.273767
19 25 -48.503722
19 26 -43.495867
19 27 -45.078804
19 31 -49.042720
19 32 -45.596939
19 33 -47.548695
19 34 -49.271464
19 39 -54.720998
19 40 -41.582901
19 41 -50.254953
19 47 -45.282933
20 4 -41.005141
20 5 -42.981180
20 6 -47.829837
20 10 -43.638855
20 11 -48.293331
20 12 -45.392436
20 13 -47.936631
20 16 -51.745738
20 17 -45.298705
20 18 -45.075308
20 19 -45.651989
20 24 -46.629649
20 25 -52.034975
20 26 -48.810634
20 27 -50.776150
20 32 -46.763376
20 33 -50.723747
20 34 -43.571580
20 40 -50.553722
20 41 -53.499420
20 48 -44.860197
21 0 -50.163503
21 1 -53.001135
21 7 -54.863799
21 8 -42.937124
21 9 -54.860782
21 14 -52.579567
21 15 -46.931760
21 16 -46.262876
21 17 -47.763212
21 22 -40.988860
21 23 -43.952890
21 24 -46.634706
21 25 -44.157973
21 28 -47.794713
21 29 -52.984916
21 30 -41.938742
21 31 -45.522872
21 35 -42.828654
21 36 -54.322041
21 37 -48.692827
21 42 -50.968547
21 43 -42.849929
22 0 -50.281501
22 1 -43.424823
22 2 -45.895322
22 7 -46.533672
22 8 -52.416866
22 9 -44.881772
22 10 -46.392257
22 14 -45.632600
22 15 -51.049464
22 16 -54.584927
22 17 -44.601556
22 18 -41.529060
22 21 -53.109083
22 23 -53.671690
22 24 -50.100866
22 25 -43.674564
22 26 -41.968168
22 28 -44.091318
22 29 -53.768289
22 30 -53.847086
22 31 -52.192503
22 32 -43.123881
22 35 -46.372964
22 36 -46.459767
22 37 -42.463353
22 38 -49.358123
22 42 -47.277611
22 43 -46.418874
22 44 -46.382813
23 1 -54.831980
23 2 -44.056241
23 3 -42.821403
23 7 -40.246750
23 8 -41.716668
23 9 -49.365926
23 10 -51.947103
23 11 -54.585150
23 14 -52.208648
23 15 -48.764438
23 16 -45.397458
23 17 -43.397371
23 18 -54.481727
23 19 -52.096030
23 21 -45.248976
23 22 -44.621500
23 24 -44.604064
23 25 -53.956673
23 26 -53.664319
23 27 -46.182228
23 28 -51.654080
23 29 -47.359454
23 30 -54.330336
23 31 -45.663492
23 32 -42.655081
23 33 -40.131016
23 35 -47.822228
23 36 -43.959017
23 37 -48.492116
23 38 -41.292295
23 39 -47.047644
23 43 -49.022869
23 44 -51.612972
23 45 -52.105869
24 2 -44.286859
24 3 -52.430147
24 4 -41.654763
24 8 -49.268881
24 9 -48.657745
24 10 -47.468587
24 11 -54.495407
24 12 -52.860103
24 14 -43.065383
24 15 -43.991763
24 16 -50.806871
24 17 -44.485205
24 18 -41.076040
24 19 -45.351727
24 20 -54.157696
24 21 -42.657559
24 22 -42.409117
24 23 -47.324968
24 25 -53.394190
24 26 -50.679088
24 27 -47.258396
24 28 -48.819512
24 29 -48.128550
24 30 -40.995411
24 31 -44.973591
24 32 -50.055469
24 33 -52.520251
24 34 -54.980778
24 36 -54.602278
24 37 -40.086879
24 38 -42.613654
24 39 -47.843383
24 40 -46.343442
24 44 -40.153539
24 45 -44.197165
24 46 -43.689935
25 3 -51.402197
25 4 -45.419886
25 5 -44.996539
25 9 -42.570077
25 10 -49.189819
25 11 -51.185992
25 12 -52.428259
25 13 -42.876308
25 15 -44.552749
25 16 -46.267829
25 17 -50.874795
25 18 -45.561807
25 19 -41.568628
25 20 -47.942930
25 21 -53.928715
25 22 -49.442277
25 23 -47.206075
25 24 -52.087580
25 26 -49.802090
25 27 -53.987829
25 29 -52.646552
25 30 -40.440291
25 31 -47.143169
25 32 -54.249260
25 33 -45.434970
25 34 -43.397140
25 37 -54.543043
25 38 -43.726357
25 39 -51.175325
25 40 -47.973954
25 41 -53.164655
25 45 -49.731818
25 46 -41.832552
25 47 -45.275950
26 4 -42.986589
26 5 -46.835068
26 6 -40.976975
26 10 -42.834830
26 11 -46.507689
26 12 -41.748379
26 13 -42.270578
26 16 -43.440420
26 17 -42.494716
26 18 -47.342340
26 19 -43.889762
26 20 -46.089313
26 22 -48.236120
26 23 -45.187427
26 24 -51.980258
26 25 -41.730644
26 27 -54.444136
26 30 -43.075603
26 31 -41.589289
26 32 -45.445879
26 33 -54.550731
26 34 -40.142046
26 38 -45.967648
26 39 -49.777773
26 40 -46.946190
26 41 -45.088409
26 46 -52.671815
26 47 -43.994329
26 48 -49.665832
27 5 -43.102926
27 6 -45.823454
27 11 -53.166371
27 12 -45.504695
27 13 -49.797237
27 17 -44.519960
27 18 -50.610114
27 19 -44.501416
27 20 -48.431856
27 23 -52.285673
27 24 -45.239804
27 25 -41.057784
27 26 -42.851899
27 31 -44.458612
27 32 -52.081460
27 33 -45.257856
27 34 -41.089484
27 39 -48.512380
27 40 -42.320972
27 41 -45.659165
27 47 -47.075712
27 48 -43.356052
28 0 -45.086094
28 7 -47.379925
28 8 -47.245905
28 14 -49.927571
28 15 -49.363921
28 16 -46.381799
28 21 -52.276102
28 22 -51.680670
28 23 -40.204317
28 24 -41.159550
28 29 -44.013343
28 30 -45.261747
28 31 -42.538483
28 32 -53.230999
28 35 -52.151991
28 36 -50.606959
28 37 -50.090002
28 38 -47.010138
28 42 -47.362487
28 43 -40.765775
28 44 -46.918575
29 1 -53.053725
29 7 -49.688655
29 8 -52.684003
29 9 -44.965688
29 14 -52.190610
29 15 -45.389216
29 16 -43.755211
29 17 -44.882498
29 21 -49.781484
29 22 -53.561579
29 23 -54.049500
29 24 -52.729832
29 25 -47.923920
29 28 -52.256951
29 30 -46.234537
29 31 -42.490429
29 32 -50.196946
29 33 -49.210552
29 35 -45.757885
29 36 -54.179930
29 37 -47.342841
29 38 -45.563125
29 39 -50.006260
29 42 -45.841723
29 43 -54.602146
29 44 -41.146542
29 45 -53.333422
30 2 -43.501479
30 8 -49.988644
30 9 -52.267019
30 10 -47.843749
30 14 -40.069792
30 15 -52.569612
30 16 -44.216134
30 17 -46.909268
30 18 -52.229402
30 21 -50.269130
30 22 -44.679074
30 23 -52.852127
30 24 -50.914369
30 25 -48.372795
30 26 -44.675955
30 28 -40.532926
30 29 -44.790640
30 31 -49.386703
30 32 -50.187942
30 33 -50.113358
30 34 -44.730527
30 35 -46.906333
30 36 -45.327103
30 37 -51.072305
30 38 -51.097255
30 39 -48.953788
30 40 -53.576457
30 42 -42.762561
30 43 -52.511551
30 44 -49.802480
30 45 -51.150281
30 46 -46.305853
31 3 -40.376650
31 9 -40.117029
31 10 -52.358497
31 11 -50.667905
31 15 -47.829184
31 16 -48.674290
31 17 -42.057905
31 18 -42.172671
31 19 -52.771146
31 21 -44.328863
31 22 -49.771781
31 23 -51.948730
31 24 -47.776140
31 25 -53.383618
31 26 -52.870361
31 27 -45.726997
31 28 -53.306098
31 29 -41.455564
31 30 -50.214740
31 32 -41.007144
31 33 -51.194883
31 34 -40.307440
31 35 -47.558629
31 36 -51.912641
31 37 -47.508064
31 38 -45.708180
31 39 -43.854974
31 40 -45.891201
31 41 -43.512086
31 43 -40.248253
31 44 -53.225947
31 45 -46.102638
31 46 -47.015632
31 47 -45.128981
32 4 -49.779480
32 10 -43.951333
32 11 -49.173366
32 12 -44.360346
32 16 -48.649627
32 17 -40.108666
32 18 -47.139222
32 19 -41.761295
32 20 -52.541091
32 22 -44.112704
32 23 -47.077502
32 24 -49.870886
32 25 -52.653149
32 26 -40.613997
32 27 -51.178516
32 28 -44.700113
32 29 -42.640599
32 30 -49.041000
32 31 -40.952692
32 33 -41.800303
32 34 -50.027242
32 36 -53.504163
32 37 -48.150160
32 38 -49.570987
32 39 -40.121864
32 40 -42.842953
32 41 -45.991017
32 44 -46.531588
32 45 -44.407389
32 46 -47.745162
32 47 -49.714973
32 48 -52.199369
33 5 -42.967067
33 11 -45.845327
33 12 -52.904876
33 13 -45.936963
33 17 -50.479225
33 18 -46.757525
33 19 -47.554696
33 20 -41.832611
33 23 -48.230101
33 24 -40.778814
33 25 -48.178712
33 26 -53.719645
33 27 -40.240073
33 29 -43.404633
33 30 -45.677126
33 31 -54.996833
33 32 -50.211247
33 34 -48.943849
33 37 -44.708496
33 38 -46.179255
33 39 -47.538822
33 40 -49.145868
33 41 -47.055310
33 45 -50.759817
33 46 -41.330271
33 47 -44.296904
33 48 -43.647051
34 6 -51.544253
34 12 -50.776309
34 13 -48.863432
34 18 -52.061643
34 19 -49.066674
34 20 -41.175879
34 24 -45.884364
34 25 -52.915454
34 26 -41.358885
34 27 -53.450737
34 30 -45.956199
34 31 -53.103342
34 32 -50.484572
34 33 -41.292961
34 38 -46.080792
34 39 -50.882502
34 40 -43.038997
34 41 -53.735621
34 46 -50.574592
34 47 -42.376146
34 48 -54.406297
35 7 -46.061294
35 14 -50.638422
35 15 -52.529411
35 21 -42.584981
35 22 -43.940187
35 23 -51.031847
35 28 -49.831123
35 29 -48.743242
35 30 -40.609909
35 31 -47.976394
35 36 -51.565150
35 37 -40.257721
35 38 -50.138712
35 39 -46.866645
35 42 -49.413670
35 43 -40.630887
35 44 -43.851021
35 45 -53.365349
36 8 -43.437436
36 14 -43.944547
36 15 -45.056441
36 16 -51.356510
36 21 -42.814388
36 22 -45.338293
36 23 -54.501873
36 24 -54.051685
36 28 -51.067876
36 29 -53.364507
36 30 -40.911929
36 31 -43.562386
36 32 -47.107364
36 35 -48.981047
36 37 -52.308403
36 38 -40.206615
36 39 -45.727272
36 40 -42.353038
36 42 -47.387558
36 43 -49.859126
36 44 -42.763840
36 45 -40.955416
36 46 -54.617306
37 9 -48.902191
37 15 -45.338668
37 16 -54.383453
37 17 -49.547990
37 21 -54.140088
37 22 -54.559922
37 23 -48.478251
37 24 -46.346817
37 25 -40.140412
37 28 -40.455165
37 29 -52.535377
37 30 -48.904494
37 31 -48.618481
37 32 -42.981011
37 33 -51.856998
37 35 -44.781573
37 36 -53.545280
37 38 -54.546609
37 39 -43.078159
37 40 -51.655600
37 41 -47.886298
37 42 -52.943439
37 43 -45.062305
37 44 -52.195305
37 45 -48.450632
37 46 -48.058092
37 47 -46.248601
38 10 -54.867946
38 16 -47.848386
38 17 -41.282400
38 18 -41.232430
38 22 -54.637092
38 23 -40.826233
38 24 -52.286134
38 25 -49.662066
38 26 -46.498694
38 28 -41.158167
38 29 -46.819117
38 30 -41.230542
38 31 -40.273057
38 32 -50.492674
38 33 -51.765813
38 34 -44.120293
38 35 -44.411403
38 36 -46.868886
38 37 -46.294684
38 39 -43.539468
38 40 -51.348034
38 41 -45.807611
38 42 -51.745687
38 43 -51.997692
38 44 -44.865689
38 45 -51.574218
38 46 -50.774314
38 47 -46.632564
38 48 -43.978455
39 11 -54.268499
39 17 -40.745668
39 18 -54.268457
39 19 -53.051163
39 23 -44.669152
39 24 -51.252748
39 25 -48.167704
39 26 -45.601408
39 27 -52.826555
39 29 -50.574100
39 30 -40.079791
39 31 -41.208233
39 32 -51.889552
39 33 -48.334172
39 34 -52.545612
39 35 -47.468524
39 36 -49.156545
39 37 -41.291914
39 38 -52.474636
39 40 -45.299315
39 41 -48.165838
39 43 -47.827074
39 44 -41.484889
39 45 -52.284653
39 46 -43.669602
39 47 -41.031707
39 48 -48.262336
40 12 -45.831580
40 18 -41.682273
40 19 -52.287040
40 20 -52.998779
40 24 -43.824626
40 25 -48.916407
40 26 -41.662099
40 27 -41.262737
40 30 -45.551071
40 31 -47.338319
40 32 -45.465185
40 33 -44.101868
40 34 -46.852924
40 36 -48.903255
40 37 -40.647415
40 38 -41.452340
40 39 -43.951789
40 41 -43.518818
40 44 -48.904719
40 45 -43.475216
40 46 -53.869220
40 47 -41.886327
40 48 -41.529873
41 13 -40.321392
41 19 -50.497073
41 20 -48.049838
41 25 -40.801171
41 26 -53.169642
41 27 -50.760689
41 31 -47.905114
41 32 -41.688409
41 33 -45.624196
41 34 -49.487221
41 37 -48.261792
41 38 -54.712525
41 39 -41.895190
41 40 -40.887547
41 45 -50.842397
41 46 -52.490839
41 47 -49.578311
41 48 -40.057429
42 14 -44.201041
42 21 -46.740188
42 22 -43.837675
42 28 -43.303036
42 29 -44.487264
42 30 -53.454070
42 35 -41.199155
42 36 -41.362905
42 37 -53.767072
42 38 -53.488098
42 43 -42.445852
42 44 -53.523221
42 45 -47.861563
42 46 -53.662987
43 15 -41.682281
43 21 -54.607369
43 22 -49.851649
43 23 -40.574904
43 28 -46.543307
43 29 -53.000367
43 30 -45.412167
43 31 -44.139416
43 35 -51.789398
43 36 -40.574020
43 37 -42.852654
43 38 -43.982380
43 39 -43.538669
43 42 -46.817056
43 44 -54.446938
43 45 -54.393322
43 46 -40.203244
43 47 -46.152936
44 16 -49.868217
44 22 -54.434880
44 23 -44.915353
44 24 -46.380349
44 28 -45.173152
44 29 -47.190962
44 30 -45.410402
44 31 -51.797374
44 32 -44.625223
44 35 -54.639521
44 36 -47.109333
44 37 -40.583974
44 38 -47.913174
44 39 -49.996217
44 40 -41.316684
44 42 -42.847992
44 43 -46.731246
44 45 -44.424377
44 46 -49.080418
44 47 -47.260119
44 48 -43.107122
45 17 -43.155104
45 23 -49.392952
45 24 -51.829102
45 25 -48.545891
45 29 -51.216418
45 30 -50.409151
45 31 -53.846257
45 32 -47.330111
45 33 -42.117379
45 35 -42.177085
45 36 -52.205780
45 37 -42.024902
45 38 -42.660264
45 39 -47.637933
45 40 -48.028332
45 41 -41.971744
45 42 -51.634064
45 43 -43.284044
45 44 -46.757902
45 46 -42.591110
45 47 -52.582964
45 48 -52.070429
46 18 -49.073735
46 24 -52.803664
46 25 -47.991741
46 26 -51.324669
46 30 -43.171960
46 31 -44.052896
46 32 -46.630411
46 33 -54.245273
46 34 -45.940223
46 36 -52.786716
46 37 -47.155113
46 38 -51.144006
46 39 -49.475697
46 40 -41.755380
46 41 -45.299456
46 42 -50.389081
46 43 -53.851533
46 44 -52.245284
46 45 -47.662038
46 47 -50.432185
46 48 -54.979074
47 19 -48.688467
47 25 -54.149358
47 26 -50.582903
47 27 -41.401664
47 31 -42.702991
47 32 -52.603014
47 33 -48.514477
47 34 -53.526307
47 37 -45.834282
47 38 -50.050547
47 39 -54.416596
47 40 -51.331424
47 41 -41.244272
47 43 -43.855485
47 44 -46.415240
47 45 -51.221841
47 46 -42.184658
47 48 -53.230266
48 20 -45.224443
48 26 -54.280350
48 27 -43.370676
48 32 -47.431499
48 33 -53.562679
48 34 -54.437077
48 38 -49.742204
48 39 -42.237688
48 40 -48.119494
48 41 -47.243993
48 44 -48.995059
48 45 -46.459504
48 46 -47.826202
48 47 -41.343206
49 0 -40.132827
0 49 -40.132827
49 1 -42.071172
1 49 -42.071172
49 2 -54.055401
2 49 -54.055401
49 7 -50.329098
7 49 -50.329098
49 8 -42.262029
8 49 -42.262029
49 14 -48.330089
14 49 -48.330089
50 0 -42.949833
0 50 -42.949833
50 1 -53.311035
1 50 -53.311035
50 2 -42.103851
2 50 -42.103851
50 3 -53.391598
3 50 -53.391598
50 7 -51.613883
7 50 -51.613883
50 8 -42.042305
8 50 -42.042305
50 9 -54.336047
9 50 -54.336047
50 15 -54.982391
15 50 -54.982391
51 0 -46.427289
0 51 -46.427289
51 1 -53.246546
1 51 -53.246546
51 2 -44.903716
2 51 -44.903716
51 3 -52.265338
3 51 -52.265338
51 4 -45.231661
4 51 -45.231661
51 8 -45.437509
8 51 -45.437509
51 9 -41.537762
9 51 -41.537762
51 10 -48.129312
10 51 -48.129312
51 16 -43.389578
16 51 -43.389578
52 1 -50.273540
1 52 -50.273540
52 2 -40.464175
2 52 -40.464175
52 3 -44.960481
3 52 -44.960481
52 4 -53.449530
4 52 -53.449530
52 5 -44.969481
5 52 -44.969481
52 9 -40.337041
9 52 -40.337041
52 10 -45.832585
10 52 -45.832585
52 11 -45.406518
11 52 -45.406518
52 17 -54.293724
17 52 -54.293724
53 2 -49.489025
2 53 -49.489025
53 3 -51.415681
3 53 -51.415681
53 4 -42.239009
4 53 -42.239009
53 5 -51.260860
5 53 -51.260860
53 6 -47.765048
6 53 -47.765048
53 10 -53.137683
10 53 -53.137683
53 11 -42.450739
11 53 -42.450739
53 12 -52.244949
12 53 -52.244949
53 18 -52.683540
18 53 -52.683540
54 3 -48.943298
3 54 -48.943298
54 4 -43.595341
4 54 -43.595341
54 5 -52.504083
5 54 -52.504083
54 6 -44.988714
6 54 -44.988714
54 11 -52.062039
11 54 -52.062039
54 12 -45.810841
12 54 -45.810841
54 13 -42.953378
13 54 -42.953378
54 19 -41.432917
19 54 -41.432917
55 4 -53.186506
4 55 -53.186506
55 5 -44.694250
5 55 -44.694250
55 6 -54.245710
6 55 -54.245710
55 12 -45.211150
12 55 -45.211150
55 13 -46.457291
13 55 -46.457291
55 20 -48.451409
20 55 -48.451409
56 0 -49.163043
0 56 -49.163043
56 1 -45.272411
1 56 -45.272411
56 7 -40.216958
7 56 -40.216958
56 8 -46.269752
8 56 -46.269752
56 9 -40.997118
9 56 -40.997118
56 14 -41.378873
14 56 -41.378873
56 15 -45.842229
15 56 -45.842229
56 21 -49.589590
21 56 -49.589590
57 0 -51.388463
0 57 -51.388463
57 1 -47.544907
1 57 -47.544907
57 2 -48.396325
2 57 -48.396325
57 7 -54.659000
7 57 -54.659000
57 8 -43.297096
8 57 -43.297096
57 9 -52.974487
9 57 -52.974487
57 10 -40.668431
10 57 -40.668431
57 14 -47.816289
14 57 -47.816289
57 15 -54.863314
15 57 -54.863314
57 16 -47.056459
16 57 -47.056459
57 22 -41.151561
22 57 -41.151561
58 1 -47.397203
1 58 -47.397203
58 2 -48.545911
2 58 -48.545911
58 3 -46.893223
3 58 -46.893223
58 7 -40.893220
7 58 -40.893220
58 8 -50.537125
8 58 -50.537125
58 9 -47.545757
9 58 -47.545757
58 10 -51.661543
10 58 -51.661543
58 11 -54.542884
11 58 -54.542884
58 15 -44.201566
15 58 -44.201566
58 16 -47.863807
16 58 -47.863807
58 17 -51.002015
17 58 -51.002015
58 23 -40.326443
23 58 -40.326443
59 2 -52.828313
2 59 -52.828313
59 3 -44.851797
3 59 -44.851797
59 4 -44.258454
4 59 -44.258454
59 8 -42.808578
8 59 -42.808578
59 9 -42.263765
9 59 -42.263765
59 10 -54.970090
10 59 -54.970090
59 11 -50.293064
11 59 -50.293064
59 12 -54.653575
12 59 -54.653575
59 16 -47.568762
16 59 -47.568762
59 17 -47.428870
17 59 -47.428870
59 18 -41.605337
18 59 -41.605337
59 24 -54.993371
24 59 -54.993371
60 3 -54.252270
3 60 -54.252270
60 4 -42.755637
4 60 -42.755637
60 5 -44.589027
5 60 -44.589027
60 9 -51.652993
9 60 -51.652993
60 10 -41.880347
10 60 -41.880347
60 11 -52.778578
11 60 -52.778578
60 12 -41.467076
12 60 -41.467076
60 13 -54.453269
13 60 -54.453269
60 17 -48.834955
17 60 -48.834955
60 18 -43.452717
18 60 -43.452717
60 19 -54.835289
19 60 -54.835289
60 25 -40.450578
25 60 -40.450578
61 4 -42.605541
4 61 -42.605541
61 5 -46.688911
5 61 -46.688911
61 6 -45.760882
6 61 -45.760882
61 10 -51.460273
10 61 -51.460273
61 11 -46.326256
11 61 -46.326256
61 12 -49.330566
12 61 -49.330566
61 13 -43.500340
13 61 -43.500340
61 18 -53.524194
18 61 -53.524194
61 19 -52.753422
19 61 -52.753422
61 20 -45.847606
20 61 -45.847606
61 26 -41.990387
26 61 -41.990387
62 5 -41.527823
5 62 -41.527823
62 6 -40.356751
6 62 -40.356751
62 11 -43.766999
11 62 -43.766999
62 12 -45.894878
12 62 -45.894878
62 13 -42.725932
13 62 -42.725932
62 19 -43.759768
19 62 -43.759768
62 20 -52.438533
20 62 -52.438533
62 27 -42.813683
27 62 -42.813683
63 0 -42.691562
0 63 -42.691562
63 7 -49.593981
7 63 -49.593981
63 8 -41.672858
8 63 -41.672858
63 14 -40.745143
14 63 -40.745143
63 15 -54.004526
15 63 -54.004526
63 16 -50.315784
16 63 -50.315784
63 21 -49.286450
21 63 -49.286450
63 22 -54.996382
22 63 -54.996382
63 28 -50.051317
28 63 -50.051317
64 1 -53.727277
1 64 -53.727277
64 7 -42.851390
7 64 -42.851390
64 8 -42.864287
8 64 -42.864287
64 9 -44.135801
9 64 -44.135801
64 14 -46.319010
14 64 -46.319010
64 15 -53.798112
15 64 -53.798112
64 16 -53.479780
16 64 -53.479780
64 17 -44.646630
17 64 -44.646630
64 21 -46.395571
21 64 -46.395571
64 22 -48.667593
22 64 -48.667593
64 23 -47.898538
23 64 -47.898538
64 29 -49.395822
29 64 -49.395822
65 2 -40.748979
2 65 -40.748979
65 8 -54.614365
8 65 -54.614365
65 9 -53.485911
9 65 -53.485911
65 10 -42.419885
10 65 -42.419885
65 14 -45.308239
14 65 -45.308239
65 15 -47.770741
15 65 -47.770741
65 16 -45.921059
16 65 -45.921059
65 17 -46.982067
17 65 -46.982067
65 18 -50.402601
18 65 -50.402601
65 22 -48.229988
22 65 -48.229988
65 23 -53.995909
23 65 -53.995909
65 24 -43.476929
24 65 -43.476929
65 30 -41.586391
30 65 -41.586391
66 3 -47.749127
3 66 -47.749127
66 9 -53.165286
9 66 -53.165286
66 10 -41.951261
10 66 -41.951261
66 11 -48.601176
11 66 -48.601176
66 15 -47.923492
15 66 -47.923492
66 16 -45.738326
16 66 -45.738326
66 17 -44.759937
17 66 -44.759937
66 18 -42.223521
18 66 -42.223521
66 19 -40.851421
19 66 -40.851421
66 23 -54.481672
23 66 -54.481672
66 24 -44.959638
24 66 -44.959638
66 25 -41.807490
25 66 -41.807490
66 31 -53.250916
31 66 -53.250916
67 4 -47.489655
4 67 -47.489655
67 10 -42.520130
10 67 -42.520130
67 11 -44.835806
11 67 -44.835806
67 12 -49.010033
12 67 -49.010033
67 16 -41.022728
16 67 -41.022728
67 17 -43.712200
17 67 -43.712200
67 18 -50.075326
18 67 -50.075326
67 19 -49.956791
19 67 -49.956791
67 20 -44.017551
20 67 -44.017551
67 24 -41.781014
24 67 -41.781014
67 25 -42.654360
25 67 -42.654360
67 26 -52.143167
26 67 -52.143167
67 32 -51.330669
32 67 -51.330669
68 5 -51.103427
5 68 -51.103427
68 11 -49.876625
11 68 -49.876625
68 12 -44.104275
12 68 -44.104275
68 13 -45.306539
13 68 -45.306539
68 17 -40.558341
17 68 -40.558341
68 18 -40.471480
18 68 -40.471480
68 19 -42.857518
19 68 -42.857518
68 20 -45.891986
20 68 -45.891986
68 25 -43.649703
25 68 -43.649703
68 26 -47.017696
26 68 -47.017696
68 27 -53.596888
27 68 -53.596888
68 33 -45.008837
33 68 -45.008837
69 6 -49.397382
6 69 -49.397382
69 12 -43.515361
12 69 -43.515361
69 13 -47.948679
13 69 -47.948679
69 18 -41.031934
18 69 -41.031934
69 19 -49.703171
19 69 -49.703171
69 20 -49.770679
20 69 -49.770679
69 26 -51.833135
26 69 -51.833135
69 27 -53.144112
27 69 -53.144112
69 34 -46.829135
34 69 -46.829135
70 7 -40.531068
7 70 -40.531068
70 14 -48.103610
14 70 -48.103610
70 15 -51.587205
15 70 -51.587205
70 21 -46.586731
21 70 -46.586731
70 22 -52.195649
22 70 -52.195649
70 23 -51.544393
23 70 -51.544393
70 28 -47.132305
28 70 -47.132305
70 29 -50.878635
29 70 -50.878635
70 35 -54.682567
35 70 -54.682567
71 8 -43.995781
8 71 -43.995781
71 14 -42.630679
14 71 -42.630679
71 15 -40.213279
15 71 -40.213279
71 16 -45.469244
16 71 -45.469244
71 21 -49.536459
21 71 -49.536459
71 22 -40.117396
22 71 -40.117396
71 23 -53.570328
23 71 -53.570328
71 24 -45.001100
24 71 -45.001100
71 28 -54.063258
28 71 -54.063258
71 29 -52.181245
29 71 -52.181245
71 30 -50.009197
30 71 -50.009197
71 36 -44.282491
36 71 -44.282491
72 9 -43.557802
9 72 -43.557802
72 15 -45.019231
15 72 -45.019231
72 16 -52.751962
16 72 -52.751962
72 17 -45.916262
17 72 -45.916262
72 21 -42.047064
21 72 -42.047064
72 22 -52.333721
22 72 -52.333721
72 23 -50.093634
23 72 -50.093634
72 24 -41.098342
24 72 -41.098342
72 25 -43.680481
25 72 -43.680481
72 29 -40.840898
29 72 -40.840898
72 30 -53.887782
30 72 -53.887782
72 31 -53.531608
31 72 -53.531608
72 37 -52.721103
37 72 -52.721103
73 10 -52.054788
10 73 -52.054788
73 16 -47.216838
16 73 -47.216838
73 17 -43.361714
17 73 -43.361714
73 18 -53.015159
18 73 -53.015159
73 22 -53.947744
22 73 -53.947744
73 23 -52.177274
23 73 -52.177274
73 24 -41.146566
24 73 -41.146566
73 25 -42.662684
25 73 -42.662684
73 26 -51.957031
26 73 -51.957031
73 30 -47.404145
30 73 -47.404145
73 31 -46.588022
31 73 -46.588022
73 32 -43.725497
32 73 -43.725497
73 38 -45.320030
38 73 -45.320030
74 11 -44.507297
11 74 -44.507297
74 17 -44.026083
17 74 -44.026083
74 18 -42.084365
18 74 -42.084365
74 19 -40.235166
19 74 -40.235166
74 23 -43.853082
23 74 -43.853082
74 24 -54.816376
24 74 -54.816376
74 25 -41.240392
25 74 -41.240392
74 26 -42.607240
26 74 -42.607240
74 27 -53.258212
27 74 -53.258212
74 31 -50.912639
31 74 -50.912639
74 32 -49.327528
32 74 -49.327528
74 33 -54.332987
33 74 -54.332987
74 39 -46.259604
39 74 -46.259604
75 12 -53.733740
12 75 -53.733740
75 18 -43.671140
18 75 -43.671140
75 19 -42.460494
19 75 -42.460494
75 20 -51.896726
20 75 -51.896726
75 24 -52.077331
24 75 -52.077331
75 25 -41.125146
25 75 -41.125146
75 26 -48.844948
26 75 -48.844948
75 27 -44.185689
27 75 -44.185689
75 32 -45.285005
32 75 -45.285005
75 33 -47.253804
33 75 -47.253804
75 34 -48.276765
34 75 -48.276765
75 40 -40.950614
40 75 -40.950614
76 13 -46.129057
13 76 -46.129057
76 19 -49.606752
19 76 -49.606752
76 20 -54.288204
20 76 -54.288204
76 25 -45.220359
25 76 -45.220359
76 26 -45.408811
26 76 -45.408811
76 27 -50.456416
27 76 -50.456416
76 33 -54.155787
33 76 -54.155787
76 34 -53.099984
34 76 -53.099984
76 41 -44.500075
41 76 -44.500075
77 14 -48.548293
14 77 -48.548293
77 21 -49.939368
21 77 -49.939368
77 22 -42.089194
22 77 -42.089194
77 28 -41.373986
28 77 -41.373986
77 29 -54.726865
29 77 -54.726865
77 30 -41.254909
30 77 -41.254909
77 35 -47.628734
35 77 -47.628734
77 36 -49.102430
36 77 -49.102430
77 42 -41.553417
42 77 -41.553417
78 15 -47.416402
15 78 -47.416402
78 21 -51.620511
21 78 -51.620511
78 22 -43.407126
22 78 -43.407126
78 23 -52.505977
23 78 -52.505977
78 28 -50.435275
28 78 -50.435275
78 29 -54.866504
29 78 -54.866504
78 30 -53.486901
30 78 -53.486901
78 31 -46.856655
31 78 -46.856655
78 35 -50.588256
35 78 -50.588256
78 36 -45.741351
36 78 -45.741351
78 37 -43.637565
37 78 -43.637565
78 43 -40.491756
43 78 -40.491756
79 16 -52.776743
16 79 -52.776743
79 22 -47.519729
22 79 -47.519729
79 23 -45.460504
23 79 -45.460504
79 24 -54.138909
24 79 -54.138909
79 28 -46.271721
28 79 -46.271721
79 29 -51.312129
29 79 -51.312129
79 30 -43.185748
30 79 -43.185748
79 31 -40.599380
31 79 -40.599380
79 32 -42.199735
32 79 -42.199735
79 36 -42.159649
36 79 -42.159649
79 37 -46.206621
37 79 -46.206621
79 38 -54.121181
38 79 -54.121181
79 44 -41.204138
44 79 -41.204138
80 17 -54.248857
17 80 -54.248857
80 23 -41.667893
23 80 -41.667893
80 24 -43.356227
24 80 -43.356227
80 25 -43.265227
25 80 -43.265227
80 29 -47.801940
29 80 -47.801940
80 30 -52.751865
30 80 -52.751865
80 31 -42.031948
31 80 -42.031948
80 32 -40.488278
32 80 -40.488278
80 33 -45.629942
33 80 -45.629942
80 37 -49.518377
37 80 -49.518377
80 38 -46.315906
38 80 -46.315906
80 39 -52.120344
39 80 -52.120344
80 45 -53.278925
45 80 -53.278925
81 18 -44.355272
18 81 -44.355272
81 24 -42.462706
24 81 -42.462706
81 25 -46.174426
25 81 -46.174426
81 26 -47.823589
26 81 -47.823589
81 30 -41.773855
30 81 -41.773855
81 31 -54.831938
31 81 -54.831938
81 32 -40.635217
32 81 -40.635217
81 33 -54.614979
33 81 -54.614979
81 34 -40.192393
34 81 -40.192393
81 38 -41.092831
38 81 -41.092831
81 39 -49.003761
39 81 -49.003761
81 40 -41.388801
40 81 -41.388801
81 46 -54.755978
46 81 -54.755978
82 19 -44.263783
19 82 -44.263783
82 25 -41.919809
25 82 -41.919809
82 26 -43.845555
26 82 -43.845555
82 27 -50.006367
27 82 -50.006367
82 31 -51.785345
31 82 -51.785345
82 32 -54.291991
32 82 -54.291991
82 33 -48.258395
33 82 -48.258395
82 34 -47.631072
34 82 -47.631072
82 39 -49.694893
39 82 -49.694893
82 40 -51.522886
40 82 -51.522886
82 41 -44.154040
41 82 -44.154040
82 47 -41.041982
47 82 -41.041982
83 20 -41.521649
20 83 -41.521649
83 26 -40.553405
26 83 -40.553405
83 27 -54.298423
27 83 -54.298423
83 32 -47.564700
32 83 -47.564700
83 33 -44.808718
33 83 -44.808718
83 34 -52.084247
34 83 -52.084247
83 40 -41.521990
40 83 -41.521990
83 41 -44.543830
41 83 -44.543830
83 48 -48.962962
48 83 -48.962962
84 21 -41.154335
21 84 -41.154335
84 28 -48.886637
28 84 -48.886637
84 29 -41.467484
29 84 -41.467484
84 35 -52.049946
35 84 -52.049946
84 36 -47.918619
36 84 -47.918619
84 37 -42.374672
37 84 -42.374672
84 42 -51.338086
42 84 -51.338086
84 43 -52.837209
43 84 -52.837209
85 22 -47.428548
22 85 -47.428548
85 28 -50.047079
28 85 -50.047079
85 29 -47.813613
29 85 -47.813613
85 30 -42.133288
30 85 -42.133288
85 35 -52.071743
35 85 -52.071743
85 36 -51.370442
36 85 -51.370442
85 37 -50.024862
37 85 -50.024862
85 38 -48.589781
38 85 -48.589781
85 42 -53.158254
42 85 -53.158254
85 43 -44.359268
43 85 -44.359268
85 44 -42.982732
44 85 -42.982732
86 23 -46.418431
23 86 -46.418431
86 29 -42.193036
29 86 -42.193036
86 30 -46.828536
30 86 -46.828536
86 31 -42.791098
31 86 -42.791098
86 35 -47.043202
35 86 -47.043202
86 36 -48.639165
36 86 -48.639165
86 37 -47.277029
37 86 -47.277029
86 38 -43.026370
38 86 -43.026370
86 39 -52.386382
39 86 -52.386382
86 43 -40.912958
43 86 -40.912958
86 44 -44.710491
44 86 -44.710491
86 45 -48.860735
45 86 -48.860735
87 24 -40.738075
24 87 -40.738075
87 30 -50.965052
30 87 -50.965052
87 31 -52.646425
31 87 -52.646425
87 32 -54.392129
32 87 -54.392129
87 36 -43.900721
36 87 -43.900721
87 37 -50.443005
37 87 -50.443005
87 38 -52.808582
38 87 -52.808582
87 39 -47.748153
39 87 -47.748153
87 40 -54.668547
40 87 -54.668547
87 44 -54.154236
44 87 -54.154236
87 45 -51.644957
45 87 -51.644957
87 46 -53.149596
46 87 -53.149596
88 25 -42.412622
25 88 -42.412622
88 31 -51.392937
31 88 -51.392937
88 32 -52.858173
32 88 -52.858173
88 33 -48.070771
33 88 -48.070771
88 37 -52.464746
37 88 -52.464746
88 38 -42.223936
38 88 -42.223936
88 39 -47.511781
39 88 -47.511781
88 40 -41.069924
40 88 -41.069924
88 41 -46.295568
41 88 -46.295568
88 45 -46.667029
45 88 -46.667029
88 46 -52.095431
46 88 -52.095431
88 47 -47.857904
47 88 -47.857904
89 26 -43.861060
26 89 -43.861060
89 32 -43.810453
32 89 -43.810453
89 33 -51.881718
33 89 -51.881718
89 34 -44.848846
34 89 -44.848846
89 38 -45.362286
38 89 -45.362286
89 39 -50.565936
39 89 -50.565936
89 40 -50.723217
40 89 -50.723217
89 41 -53.885681
41 89 -53.885681
89 46 -42.711537
46 89 -42.711537
89 47 -43.665442
47 89 -43.665442
89 48 -51.684033
48 89 -51.684033
90 27 -43.990306
27 90 -43.990306
90 33 -47.862281
33 90 -47.862281
90 34 -53.157281
34 90 -53.157281
90 39 -43.368403
39 90 -43.368403
90 40 -48.575510
40 90 -48.575510
90 41 -44.589169
41 90 -44.589169
90 47 -43.222436
47 90 -43.222436
90 48 -46.748591
48 90 -46.748591
91 28 -53.054728
28 91 -53.054728
91 35 -54.919756
35 91 -54.919756
91 36 -54.829076
36 91 -54.829076
91 42 -47.574777
42 91 -47.574777
91 43 -43.361151
43 91 -43.361151
91 44 -54.142031
44 91 -54.142031
92 29 -53.828422
29 92 -53.828422
92 35 -44.331203
35 92 -44.331203
92 36 -40.261857
36 92 -40.261857
92 37 -41.604633
37 92 -41.604633
92 42 -46.711344
42 92 -46.711344
92 43 -41.311844
43 92 -41.311844
92 44 -47.707019
44 92 -47.707019
92 45 -46.376257
45 92 -46.376257
93 30 -50.271311
30 93 -50.271311
93 36 -41.373667
36 93 -41.373667
93 37 -45.085503
37 93 -45.085503
93 38 -47.049987
38 93 -47.049987
93 42 -48.625843
42 93 -48.625843
93 43 -41.472715
43 93 -41.472715
93 44 -45.574981
44 93 -45.574981
93 45 -41.468913
45 93 -41.468913
93 46 -46.461271
46 93 -46.461271
94 31 -48.507302
31 94 -48.507302
94 37 -40.831437
37 94 -40.831437
94 38 -42.629424
38 94 -42.629424
94 39 -42.094008
39 94 -42.094008
94 43 -51.069638
43 94 -51.069638
94 44 -40.665726
44 94 -40.665726
94 45 -51.841459
45 94 -51.841459
94 46 -41.779209
46 94 -41.779209
94 47 -51.357410
47 94 -51.357410
95 32 -45.456862
32 95 -45.456862
95 38 -40.790943
38 95 -40.790943
95 39 -54.857180
39 95 -54.857180
95 40 -51.313890
40 95 -51.313890
95 44 -54.354114
44 95 -54.354114
95 45 -51.608052
45 95 -51.608052
95 46 -47.971766
46 95 -47.971766
95 47 -41.421856
47 95 -41.421856
95 48 -47.418618
48 95 -47.418618
96 33 -51.972313
33 96 -51.972313
96 39 -51.342104
39 96 -51.342104
96 40 -45.857674
40 96 -45.857674
96 41 -45.706854
41 96 -45.706854
96 45 -49.528429
45 96 -49.528429
96 46 -44.438347
46 96 -44.438347
96 47 -45.982095
47 96 -45.982095
96 48 -41.150385
48 96 -41.150385
97 34 -45.020888
34 97 -45.020888
97 40 -50.997054
40 97 -50.997054
97 41 -44.432181
41 97 -44.432181
97 46 -40.643775
46 97 -40.643775
97 47 -52.703912
47 97 -52.703912
97 48 -47.233193
48 97 -47.233193
