0 1 -43.520804
0 2 -48.696018
0 5 -53.974060
0 6 -49.972040
0 7 -43.081696
0 10 -43.685087
0 11 -43.081423
0 12 -42.205712
1 0 -50.820060
1 2 -46.832565
1 3 -44.448473
1 5 -48.502158
1 6 -54.095581
1 7 -51.259913
1 8 -49.492298
1 10 -40.569591
1 11 -52.005453
1 12 -44.658427
1 13 -49.440909
2 0 -54.796441
2 1 -40.345758
2 3 -43.298445
2 4 -43.854429
2 5 -46.159102
2 6 -42.553914
2 7 -48.835835
2 8 -40.673802
2 9 -48.768021
2 10 -40.852553
2 11 -42.499725
2 12 -45.764431
2 13 -45.685540
2 14 -40.526033
3 1 -54.348491
3 2 -49.494275
3 4 -48.960947
3 6 -42.723467
3 7 -50.628347
3 8 -51.262546
3 9 -44.554681
3 11 -48.665798
3 12 -48.556691
3 13 -46.525396
3 14 -50.478530
4 2 -46.345484
4 3 -44.083150
4 7 -49.480272
4 8 -49.952479
4 9 -51.571933
4 12 -44.328238
4 13 -47.259362
4 14 -50.408228
5 0 -51.567056
5 1 -44.379715
5 2 -54.599141
5 6 -48.856206
5 7 -51.472214
5 10 -54.756467
5 11 -54.404102
5 12 -51.440169
5 15 -50.794215
5 16 -52.635644
5 17 -45.644817
6 0 -43.460728
6 1 -42.304760
6 2 -41.867489
6 3 -40.430475
6 5 -42.684645
6 7 -40.377052
6 8 -45.417483
6 10 -40.613817
6 11 -52.422673
6 12 -46.872081
6 13 -51.480935
6 15 -48.252907
6 16 -44.610007
6 17 -41.897976
6 18 -43.638784
7 0 -43.461253
7 1 -50.069376
7 2 -48.814299
7 3 -47.265472
7 4 -46.260663
7 5 -54.315774
7 6 -50.095386
7 8 -49.479781
7 9 -50.747360
7 10 -45.356934
7 11 -42.353638
7 12 -43.392675
7 13 -48.375355
7 14 -46.321025
7 15 -50.812496
7 16 -51.411297
7 17 -49.983781
7 18 -40.704287
7 19 -49.435406
8 1 -52.096723
8 2 -41.089500
8 3 -47.941650
8 4 -41.751663
8 6 -50.839020
8 7 -52.055494
8 9 -53.505179
8 11 -44.944781
8 12 -44.768635
8 13 -45.189386
8 14 -51.963281
8 16 -42.995702
8 17 -42.291378
8 18 -52.005641
8 19 -52.023042
9 2 -52.129581
9 3 -49.333955
9 4 -51.158564
9 7 -46.727756
9 8 -50.240523
9 12 -52.125478
9 13 -52.696338
9 14 -54.937024
9 17 -45.689157
9 18 -51.118474
9 19 -44.516151
10 0 -50.976019
10 1 -43.827639
10 2 -40.727993
10 5 -52.585076
10 6 -42.702557
10 7 -51.721900
10 11 -48.630826
10 12 -46.506858
10 15 -50.291572
10 16 -51.592029
10 17 -54.380889
10 20 -43.521425
10 21 -46.618557
10 22 -40.296781
11 0 -53.503805
11 1 -50.585009
11 2 -41.871886
11 3 -42.721983
11 5 -44.454163
11 6 -48.647195
11 7 -47.538648
11 8 -50.484120
11 10 -51.469845
11 12 -54.473646
11 13 -45.952372
11 15 -43.231919
11 16 -52.230511
11 17 -41.849857
11 18 -49.228237
11 20 -46.177083
11 21 -54.809470
11 22 -42.450755
11 23 -49.211423
12 0 -53.797541
12 1 -44.477294
12 2 -50.343707
12 3 -40.118025
12 4 -42.173355
12 5 -54.663796
12 6 -50.931163
12 7 -53.388071
12 8 -46.294963
12 9 -51.930376
12 10 -49.693804
12 11 -50.196633
12 13 -41.446159
12 14 -45.246848
12 15 -46.434609
12 16 -47.238923
12 17 -48.912788
12 18 -45.603485
12 19 -45.449679
12 20 -40.910717
12 21 -52.569004
12 22 -52.490225
12 23 -46.908320
12 24 -45.307725
13 1 -46.092594
13 2 -50.909593
13 3 -52.788202
13 4 -43.629461
13 6 -48.023650
13 7 -42.802422
13 8 -43.561970
13 9 -49.720740
13 11 -42.417882
13 12 -52.067878
13 14 -40.741041
13 16 -40.265259
13 17 -54.387964
13 18 -47.836501
13 19 -43.023881
13 21 -40.399707
13 22 -44.980540
13 23 -54.961901
13 24 -53.568343
14 2 -51.424825
14 3 -40.632129
14 4 -50.199554
14 7 -44.949283
14 8 -46.292813
14 9 -52.020560
14 12 -46.519224
14 13 -42.340871
14 17 -52.038329
14 18 -41.254710
14 19 -49.809307
14 22 -45.732634
14 23 -45.833381
14 24 -49.681163
15 5 -54.801506
15 6 -40.109177
15 7 -40.949250
15 10 -53.751939
15 11 -54.063559
15 12 -51.965233
15 16 -53.647089
15 17 -43.480369
15 20 -49.150595
15 21 -40.466762
15 22 -47.020257
16 5 -41.164736
16 6 -40.741328
16 7 -44.838753
16 8 -50.581260
16 10 -45.485774
16 11 -50.123863
16 12 -49.739364
16 13 -48.660091
16 15 -49.865130
16 17 -45.021012
16 18 -41.116130
16 20 -53.402304
16 21 -46.908689
16 22 -42.931105
16 23 -49.511008
17 5 -43.961333
17 6 -42.308342
17 7 -42.592392
17 8 -51.331875
17 9 -54.154191
17 10 -40.754039
17 11 -41.245341
17 12 -47.001623
17 13 -44.682702
17 14 -49.260428
17 15 -48.986210
17 16 -45.156042
17 18 -46.215521
17 19 -49.588373
17 20 -49.127690
17 21 -54.678277
17 22 -41.180717
17 23 -45.347924
17 24 -48.273539
18 6 -43.670031
18 7 -44.585147
18 8 -50.190428
18 9 -48.012409
18 11 -51.283892
18 12 -40.791303
18 13 -50.117971
18 14 -48.267722
18 16 -53.560734
18 17 -40.742968
18 19 -50.310041
18 21 -50.290220
18 22 -43.789942
18 23 -52.706343
18 24 -45.951776
19 7 -44.136425
19 8 -44.090640
19 9 -47.648177
19 12 -46.741826
19 13 -44.559790
19 14 -54.771757
19 17 -45.656935
19 18 -45.752493
19 22 -48.606722
19 23 -47.223004
19 24 -41.824512
20 10 -45.928928
20 11 -42.732177
20 12 -46.516230
20 15 -51.529483
20 16 -53.729500
20 17 -52.959959
20 21 -45.386944
20 22 -53.287936
21 10 -54.001498
21 11 -44.032131
21 12 -40.622799
21 13 -40.792374
21 15 -40.140253
21 16 -50.443009
21 17 -40.059189
21 18 -42.843657
21 20 -53.616486
21 22 -46.971728
21 23 -43.763295
22 10 -51.330264
22 11 -54.418518
22 12 -48.461404
22 13 -45.305514
22 14 -40.680726
22 15 -53.903666
22 16 -48.053760
22 17 -52.795551
22 18 -47.480135
22 19 -52.975597
22 20 -47.060366
22 21 -40.541523
22 23 -41.440112
22 24 -40.211666
23 11 -52.459509
23 12 -48.613776
23 13 -43.646276
23 14 -45.854989
23 16 -46.998117
23 17 -44.242771
23 18 -41.803263
23 19 -48.790539
23 21 -42.185265
23 22 -47.945014
23 24 -51.574843
24 12 -44.181499
24 13 -44.619703
24 14 -43.684081
24 17 -43.169811
24 18 -48.947151
24 19 -53.499195
24 22 -40.509701
24 23 -54.670350
25 0 -42.598182
0 25 -42.598182
25 1 -43.515149
1 25 -43.515149
25 5 -53.259297
5 25 -53.259297
25 6 -45.955321
6 25 -45.955321
26 0 -46.925445
0 26 -46.925445
26 1 -40.484355
1 26 -40.484355
26 2 -53.452355
2 26 -53.452355
26 5 -43.325354
5 26 -43.325354
26 6 -54.448408
6 26 -54.448408
26 7 -41.914607
7 26 -41.914607
27 1 -41.696094
1 27 -41.696094
27 2 -53.833920
2 27 -53.833920
27 3 -40.933604
3 27 -40.933604
27 6 -54.841676
6 27 -54.841676
27 7 -41.094664
7 27 -41.094664
27 8 -42.933173
8 27 -42.933173
28 2 -43.172447
2 28 -43.172447
28 3 -40.570902
3 28 -40.570902
28 4 -43.970451
4 28 -43.970451
28 7 -44.125097
7 28 -44.125097
28 8 -43.030126
8 28 -43.030126
28 9 -43.423711
9 28 -43.423711
29 3 -40.856650
3 29 -40.856650
29 4 -48.976256
4 29 -48.976256
29 8 -43.690486
8 29 -43.690486
29 9 -40.485262
9 29 -40.485262
30 0 -47.007246
0 30 -47.007246
30 1 -48.244004
1 30 -48.244004
30 5 -47.652921
5 30 -47.652921
30 6 -48.887669
6 30 -48.887669
30 10 -54.770708
10 30 -54.770708
30 11 -41.800309
11 30 -41.800309
31 0 -54.986403
0 31 -54.986403
31 1 -41.967287
1 31 -41.967287
31 2 -54.010490
2 31 -54.010490
31 5 -51.115054
5 31 -51.115054
31 6 -44.849800
6 31 -44.849800
31 7 -43.269761
7 31 -43.269761
31 10 -50.427332
10 31 -50.427332
31 11 -43.385605
11 31 -43.385605
31 12 -41.449078
12 31 -41.449078
32 1 -54.461766
1 32 -54.461766
32 2 -49.175278
2 32 -49.175278
32 3 -40.562083
3 32 -40.562083
32 6 -41.518038
6 32 -41.518038
32 7 -40.064180
7 32 -40.064180
32 8 -44.188666
8 32 -44.188666
32 11 -51.943065
11 32 -51.943065
32 12 -48.754065
12 32 -48.754065
32 13 -48.175726
13 32 -48.175726
33 2 -50.491430
2 33 -50.491430
33 3 -54.583015
3 33 -54.583015
33 4 -54.378586
4 33 -54.378586
33 7 -50.074297
7 33 -50.074297
33 8 -49.204146
8 33 -49.204146
33 9 -40.305073
9 33 -40.305073
33 12 -50.345062
12 33 -50.345062
33 13 -41.642502
13 33 -41.642502
33 14 -51.052135
14 33 -51.052135
34 3 -44.296250
3 34 -44.296250
34 4 -41.752178
4 34 -41.752178
34 8 -50.777952
8 34 -50.777952
34 9 -46.527512
9 34 -46.527512
34 13 -41.883216
13 34 -41.883216
34 14 -43.572875
14 34 -43.572875
35 5 -44.862759
5 35 -44.862759
35 6 -44.678822
6 35 -44.678822
35 10 -46.353200
10 35 -46.353200
35 11 -51.189619
11 35 -51.189619
35 15 -53.749943
15 35 -53.749943
35 16 -54.834124
16 35 -54.834124
36 5 -45.061819
5 36 -45.061819
36 6 -51.006611
6 36 -51.006611
36 7 -49.102004
7 36 -49.102004
36 10 -46.104972
10 36 -46.104972
36 11 -54.902644
11 36 -54.902644
36 12 -49.234360
12 36 -49.234360
36 15 -51.045917
15 36 -51.045917
36 16 -49.850431
16 36 -49.850431
36 17 -44.074065
17 36 -44.074065
37 6 -44.659786
6 37 -44.659786
37 7 -50.338735
7 37 -50.338735
37 8 -50.066436
8 37 -50.066436
37 11 -50.618306
11 37 -50.618306
37 12 -43.304002
12 37 -43.304002
37 13 -54.137032
13 37 -54.137032
37 16 -48.163310
16 37 -48.163310
37 17 -48.731018
17 37 -48.731018
37 18 -45.163920
18 37 -45.163920
38 7 -51.182275
7 38 -51.182275
38 8 -44.298430
8 38 -44.298430
38 9 -50.158281
9 38 -50.158281
38 12 -44.176676
12 38 -44.176676
38 13 -52.051481
13 38 -52.051481
38 14 -40.494836
14 38 -40.494836
38 17 -52.872551
17 38 -52.872551
38 18 -52.590363
18 38 -52.590363
38 19 -50.536438
19 38 -50.536438
39 8 -46.805272
8 39 -46.805272
39 9 -40.326779
9 39 -40.326779
39 13 -44.977494
13 39 -44.977494
39 14 -54.698584
14 39 -54.698584
39 18 -52.632470
18 39 -52.632470
39 19 -47.773727
19 39 -47.773727
40 10 -42.338831
10 40 -42.338831
40 11 -49.934593
11 40 -49.934593
40 15 -46.575970
15 40 -46.575970
40 16 -51.694673
16 40 -51.694673
40 20 -41.516267
20 40 -41.516267
40 21 -54.155747
21 40 -54.155747
41 10 -40.529166
10 41 -40.529166
41 11 -40.535220
11 41 -40.535220
41 12 -42.058249
12 41 -42.058249
41 15 -47.196477
15 41 -47.196477
41 16 -44.270557
16 41 -44.270557
41 17 -40.983332
17 41 -40.983332
41 20 -40.469048
20 41 -40.469048
41 21 -47.704329
21 41 -47.704329
41 22 -47.647141
22 41 -47.647141
42 11 -44.412130
11 42 -44.412130
42 12 -42.117935
12 42 -42.117935
42 13 -43.626471
13 42 -43.626471
42 16 -45.802370
16 42 -45.802370
42 17 -45.097208
17 42 -45.097208
42 18 -43.280093
18 42 -43.280093
42 21 -41.145963
21 42 -41.145963
42 22 -49.973018
22 42 -49.973018
42 23 -51.160148
23 42 -51.160148
43 12 -51.028072
12 43 -51.028072
43 13 -52.440544
13 43 -52.440544
43 14 -44.114417
14 43 -44.114417
43 17 -42.174381
17 43 -42.174381
43 18 -45.679089
18 43 -45.679089
43 19 -45.929521
19 43 -45.929521
43 22 -45.412855
22 43 -45.412855
43 23 -43.418367
23 43 -43.418367
43 24 -52.435883
24 43 -52.435883
44 13 -49.392697
13 44 -49.392697
44 14 -40.828656
14 44 -40.828656
44 18 -49.439660
18 44 -49.439660
44 19 -46.605397
19 44 -46.605397
44 23 -46.607979
23 44 -46.607979
44 24 -40.057962
24 44 -40.057962
45 15 -42.254111
15 45 -42.254111
45 16 -40.950582
16 45 -40.950582
45 20 -50.171145
20 45 -50.171145
45 21 -40.997470
21 45 -40.997470
46 15 -50.506242
15 46 -50.506242
46 16 -44.819021
16 46 -44.819021
46 17 -46.058959
17 46 -46.058959
46 20 -46.501814
20 46 -46.501814
46 21 -53.109335
21 46 -53.109335
46 22 -44.237819
22 46 -44.237819
47 16 -52.643110
16 47 -52.643110
47 17 -53.965091
17 47 -53.965091
47 18 -40.247252
18 47 -40.247252
47 21 -51.902214
21 47 -51.902214
47 22 -40.970906
22 47 -40.970906
47 23 -46.490229
23 47 -46.490229
48 17 -40.813800
17 48 -40.813800
48 18 -41.665850
18 48 -41.665850
48 19 -49.410862
19 48 -49.410862
48 22 -51.118457
22 48 -51.118457
48 23 -40.630564
23 48 -40.630564
48 24 -52.917409
24 48 -52.917409
49 18 -53.500744
18 49 -53.500744
49 19 -40.440440
19 49 -40.440440
49 23 -54.086761
23 49 -54.086761
49 24 -42.696723
24 49 -42.696723
