0 1 -54.0
0 2 -47.0
0 10 -50.0
0 11 -45.0
0 20 -48.0
1 0 -48.0
1 2 -53.0
1 3 -52.0
1 10 -49.0
1 11 -46.0
1 12 -50.0
1 21 -40.0
2 0 -55.0
2 1 -49.0
2 3 -49.0
2 4 -41.0
2 11 -45.0
2 12 -52.0
2 13 -47.0
2 22 -44.0
3 1 -41.0
3 2 -47.0
3 4 -55.0
3 5 -50.0
3 12 -44.0
3 13 -52.0
3 14 -47.0
3 23 -49.0
4 2 -51.0
4 3 -49.0
4 5 -50.0
4 6 -50.0
4 13 -50.0
4 14 -42.0
4 15 -52.0
4 24 -40.0
5 3 -40.0
5 4 -48.0
5 6 -53.0
5 7 -52.0
5 14 -43.0
5 15 -43.0
5 16 -53.0
5 25 -53.0
6 4 -46.0
6 5 -46.0
6 7 -50.0
6 8 -51.0
6 15 -48.0
6 16 -45.0
6 17 -49.0
6 26 -40.0
7 5 -40.0
7 6 -51.0
7 8 -41.0
7 9 -53.0
7 16 -54.0
7 17 -46.0
7 18 -49.0
7 27 -55.0
8 6 -42.0
8 7 -50.0
8 9 -43.0
8 17 -51.0
8 18 -44.0
8 19 -42.0
8 28 -42.0
9 7 -44.0
9 8 -45.0
9 18 -51.0
9 19 -46.0
9 29 -48.0
10 0 -40.0
10 1 -41.0
10 11 -49.0
10 12 -52.0
10 20 -40.0
10 21 -55.0
10 30 -45.0
11 0 -48.0
11 1 -46.0
11 2 -47.0
11 10 -43.0
11 12 -55.0
11 13 -44.0
11 20 -52.0
11 21 -40.0
11 22 -55.0
11 31 -52.0
12 1 -51.0
12 2 -48.0
12 3 -49.0
12 10 -44.0
12 11 -49.0
12 13 -46.0
12 14 -51.0
12 21 -41.0
12 22 -48.0
12 23 -45.0
12 32 -40.0
13 2 -42.0
13 3 -52.0
13 4 -44.0
13 11 -52.0
13 12 -51.0
13 14 -52.0
13 15 -49.0
13 22 -46.0
13 23 -48.0
13 24 -42.0
13 33 -50.0
14 3 -42.0
14 4 -43.0
14 5 -42.0
14 12 -42.0
14 13 -44.0
14 15 -47.0
14 16 -50.0
14 23 -42.0
14 24 -54.0
14 25 -51.0
14 34 -54.0
15 4 -40.0
15 5 -45.0
15 6 -43.0
15 13 -44.0
15 14 -54.0
15 16 -51.0
15 17 -43.0
15 24 -47.0
15 25 -50.0
15 26 -53.0
15 35 -48.0
16 5 -46.0
16 6 -40.0
16 7 -47.0
16 14 -51.0
16 15 -54.0
16 17 -49.0
16 18 -44.0
16 25 -44.0
16 26 -52.0
16 27 -52.0
16 36 -47.0
17 6 -53.0
17 7 -47.0
17 8 -52.0
17 15 -54.0
17 16 -49.0
17 18 -55.0
17 19 -44.0
17 26 -40.0
17 27 -40.0
17 28 -41.0
17 37 -43.0
18 7 -43.0
18 8 -47.0
18 9 -49.0
18 16 -43.0
18 17 -48.0
18 19 -51.0
18 27 -46.0
18 28 -54.0
18 29 -48.0
18 38 -50.0
19 8 -41.0
19 9 -43.0
19 17 -53.0
19 18 -47.0
19 28 -55.0
19 29 -52.0
19 39 -53.0
20 0 -41.0
20 10 -54.0
20 11 -47.0
20 21 -48.0
20 22 -42.0
20 30 -46.0
20 31 -43.0
20 40 -50.0
21 1 -48.0
21 10 -54.0
21 11 -46.0
21 12 -44.0
21 20 -43.0
21 22 -47.0
21 23 -52.0
21 30 -52.0
21 31 -45.0
21 32 -51.0
21 41 -42.0
22 2 -48.0
22 11 -50.0
22 12 -52.0
22 13 -40.0
22 20 -49.0
22 21 -50.0
22 23 -49.0
22 24 -48.0
22 31 -42.0
22 32 -52.0
22 33 -44.0
22 42 -52.0
23 3 -51.0
23 12 -42.0
23 13 -53.0
23 14 -40.0
23 21 -47.0
23 22 -44.0
23 24 -41.0
23 25 -55.0
23 32 -50.0
23 33 -42.0
23 34 -41.0
23 43 -43.0
24 4 -52.0
24 13 -50.0
24 14 -45.0
24 15 -44.0
24 22 -42.0
24 23 -40.0
24 25 -40.0
24 26 -47.0
24 33 -49.0
24 34 -40.0
24 35 -51.0
24 44 -49.0
25 5 -54.0
25 14 -55.0
25 15 -43.0
25 16 -46.0
25 23 -51.0
25 24 -43.0
25 26 -52.0
25 27 -45.0
25 34 -54.0
25 35 -41.0
25 36 -41.0
25 45 -44.0
26 6 -46.0
26 15 -43.0
26 16 -45.0
26 17 -46.0
26 24 -42.0
26 25 -51.0
26 27 -49.0
26 28 -48.0
26 35 -50.0
26 36 -53.0
26 37 -46.0
26 46 -46.0
27 7 -48.0
27 16 -44.0
27 17 -52.0
27 18 -45.0
27 25 -44.0
27 26 -47.0
27 28 -47.0
27 29 -43.0
27 36 -49.0
27 37 -45.0
27 38 -42.0
27 47 -46.0
28 8 -48.0
28 17 -41.0
28 18 -40.0
28 19 -46.0
28 26 -48.0
28 27 -46.0
28 29 -55.0
28 37 -43.0
28 38 -54.0
28 39 -41.0
28 48 -47.0
29 9 -52.0
29 18 -51.0
29 19 -55.0
29 27 -49.0
29 28 -44.0
29 38 -48.0
29 39 -48.0
29 49 -41.0
30 10 -46.0
30 20 -50.0
30 21 -49.0
30 31 -54.0
30 32 -40.0
30 40 -48.0
30 41 -43.0
30 50 -42.0
31 11 -51.0
31 20 -41.0
31 21 -43.0
31 22 -42.0
31 30 -50.0
31 32 -42.0
31 33 -40.0
31 40 -55.0
31 41 -48.0
31 42 -51.0
31 51 -48.0
32 12 -47.0
32 21 -40.0
32 22 -48.0
32 23 -51.0
32 30 -44.0
32 31 -49.0
32 33 -46.0
32 34 -40.0
32 41 -45.0
32 42 -48.0
32 43 -53.0
32 52 -49.0
33 13 -49.0
33 22 -41.0
33 23 -55.0
33 24 -50.0
33 31 -52.0
33 32 -55.0
33 34 -49.0
33 35 -54.0
33 42 -52.0
33 43 -43.0
33 44 -51.0
33 53 -53.0
34 14 -49.0
34 23 -51.0
34 24 -48.0
34 25 -52.0
34 32 -51.0
34 33 -43.0
34 35 -41.0
34 36 -43.0
34 43 -53.0
34 44 -42.0
34 45 -54.0
34 54 -43.0
35 15 -46.0
35 24 -48.0
35 25 -45.0
35 26 -52.0
35 33 -55.0
35 34 -44.0
35 36 -48.0
35 37 -43.0
35 44 -55.0
35 45 -51.0
35 46 -43.0
35 55 -46.0
36 16 -44.0
36 25 -41.0
36 26 -55.0
36 27 -43.0
36 34 -55.0
36 35 -55.0
36 37 -46.0
36 38 -55.0
36 45 -42.0
36 46 -54.0
36 47 -44.0
36 56 -41.0
37 17 -51.0
37 26 -42.0
37 27 -51.0
37 28 -42.0
37 35 -53.0
37 36 -40.0
37 38 -44.0
37 39 -42.0
37 46 -45.0
37 47 -43.0
37 48 -44.0
37 57 -45.0
38 18 -53.0
38 27 -52.0
38 28 -49.0
38 29 -55.0
38 36 -50.0
38 37 -51.0
38 39 -47.0
38 47 -40.0
38 48 -55.0
38 49 -46.0
38 58 -45.0
39 19 -53.0
39 28 -46.0
39 29 -54.0
39 37 -40.0
39 38 -51.0
39 48 -46.0
39 49 -53.0
39 59 -48.0
40 20 -42.0
40 30 -53.0
40 31 -42.0
40 41 -43.0
40 42 -55.0
40 50 -41.0
40 51 -40.0
40 60 -50.0
41 21 -45.0
41 30 -45.0
41 31 -46.0
41 32 -40.0
41 40 -41.0
41 42 -53.0
41 43 -48.0
41 50 -47.0
41 51 -54.0
41 52 -49.0
41 61 -41.0
42 22 -50.0
42 31 -40.0
42 32 -52.0
42 33 -49.0
42 40 -43.0
42 41 -41.0
42 43 -46.0
42 44 -54.0
42 51 -41.0
42 52 -43.0
42 53 -47.0
42 62 -42.0
43 23 -50.0
43 32 -40.0
43 33 -53.0
43 34 -44.0
43 41 -45.0
43 42 -50.0
43 44 -43.0
43 45 -53.0
43 52 -53.0
43 53 -49.0
43 54 -54.0
43 63 -42.0
44 24 -47.0
44 33 -55.0
44 34 -42.0
44 35 -48.0
44 42 -44.0
44 43 -46.0
44 45 -54.0
44 46 -46.0
44 53 -52.0
44 54 -47.0
44 55 -46.0
44 64 -54.0
45 25 -42.0
45 34 -43.0
45 35 -51.0
45 36 -45.0
45 43 -47.0
45 44 -50.0
45 46 -51.0
45 47 -46.0
45 54 -51.0
45 55 -49.0
45 56 -49.0
45 65 -46.0
46 26 -46.0
46 35 -55.0
46 36 -53.0
46 37 -52.0
46 44 -40.0
46 45 -45.0
46 47 -46.0
46 48 -49.0
46 55 -45.0
46 56 -45.0
46 57 -43.0
46 66 -42.0
47 27 -55.0
47 36 -41.0
47 37 -41.0
47 38 -41.0
47 45 -40.0
47 46 -51.0
47 48 -47.0
47 49 -49.0
47 56 -46.0
47 57 -41.0
47 58 -54.0
47 67 -55.0
48 28 -41.0
48 37 -40.0
48 38 -44.0
48 39 -55.0
48 46 -43.0
48 47 -50.0
48 49 -46.0
48 57 -47.0
48 58 -53.0
48 59 -44.0
48 68 -53.0
49 29 -46.0
49 38 -47.0
49 39 -53.0
49 47 -40.0
49 48 -48.0
49 58 -50.0
49 59 -47.0
49 69 -45.0
50 30 -44.0
50 40 -44.0
50 41 -49.0
50 51 -47.0
50 52 -46.0
50 60 -50.0
50 61 -41.0
50 70 -42.0
51 31 -44.0
51 40 -52.0
51 41 -41.0
51 42 -54.0
51 50 -47.0
51 52 -47.0
51 53 -48.0
51 60 -52.0
51 61 -44.0
51 62 -46.0
51 71 -53.0
52 32 -46.0
52 41 -49.0
52 42 -52.0
52 43 -44.0
52 50 -48.0
52 51 -53.0
52 53 -55.0
52 54 -52.0
52 61 -42.0
52 62 -55.0
52 63 -48.0
52 72 -53.0
53 33 -50.0
53 42 -40.0
53 43 -46.0
53 44 -45.0
53 51 -48.0
53 52 -44.0
53 54 -42.0
53 55 -54.0
53 62 -51.0
53 63 -55.0
53 64 -52.0
53 73 -46.0
54 34 -42.0
54 43 -53.0
54 44 -47.0
54 45 -43.0
54 52 -46.0
54 53 -50.0
54 55 -46.0
54 56 -43.0
54 63 -55.0
54 64 -47.0
54 65 -42.0
54 74 -43.0
55 35 -51.0
55 44 -43.0
55 45 -40.0
55 46 -50.0
55 53 -52.0
55 54 -44.0
55 56 -43.0
55 57 -44.0
55 64 -45.0
55 65 -48.0
55 66 -50.0
55 75 -54.0
56 36 -51.0
56 45 -52.0
56 46 -49.0
56 47 -54.0
56 54 -49.0
56 55 -49.0
56 57 -50.0
56 58 -46.0
56 65 -52.0
56 66 -40.0
56 67 -50.0
56 76 -50.0
57 37 -42.0
57 46 -54.0
57 47 -43.0
57 48 -47.0
57 55 -41.0
57 56 -46.0
57 58 -44.0
57 59 -51.0
57 66 -46.0
57 67 -51.0
57 68 -44.0
57 77 -42.0
58 38 -53.0
58 47 -53.0
58 48 -53.0
58 49 -52.0
58 56 -44.0
58 57 -52.0
58 59 -50.0
58 67 -52.0
58 68 -47.0
58 69 -47.0
58 78 -40.0
59 39 -50.0
59 48 -54.0
59 49 -54.0
59 57 -45.0
59 58 -48.0
59 68 -44.0
59 69 -52.0
59 79 -42.0
60 40 -51.0
60 50 -44.0
60 51 -48.0
60 61 -52.0
60 62 -52.0
60 70 -55.0
60 71 -53.0
60 80 -52.0
61 41 -51.0
61 50 -44.0
61 51 -44.0
61 52 -40.0
61 60 -44.0
61 62 -43.0
61 63 -49.0
61 70 -50.0
61 71 -46.0
61 72 -55.0
61 81 -55.0
62 42 -53.0
62 51 -44.0
62 52 -55.0
62 53 -54.0
62 60 -51.0
62 61 -42.0
62 63 -51.0
62 64 -52.0
62 71 -49.0
62 72 -47.0
62 73 -52.0
62 82 -44.0
63 43 -40.0
63 52 -44.0
63 53 -40.0
63 54 -40.0
63 61 -48.0
63 62 -50.0
63 64 -43.0
63 65 -44.0
63 72 -49.0
63 73 -40.0
63 74 -40.0
63 83 -51.0
64 44 -43.0
64 53 -53.0
64 54 -54.0
64 55 -43.0
64 62 -44.0
64 63 -43.0
64 65 -54.0
64 66 -47.0
64 73 -53.0
64 74 -48.0
64 75 -52.0
64 84 -49.0
65 45 -51.0
65 54 -49.0
65 55 -51.0
65 56 -47.0
65 63 -41.0
65 64 -49.0
65 66 -48.0
65 67 -49.0
65 74 -52.0
65 75 -44.0
65 76 -47.0
65 85 -46.0
66 46 -52.0
66 55 -51.0
66 56 -41.0
66 57 -45.0
66 64 -50.0
66 65 -46.0
66 67 -49.0
66 68 -45.0
66 75 -40.0
66 76 -53.0
66 77 -55.0
66 86 -40.0
67 47 -41.0
67 56 -44.0
67 57 -53.0
67 58 -42.0
67 65 -40.0
67 66 -50.0
67 68 -41.0
67 69 -49.0
67 76 -52.0
67 77 -44.0
67 78 -53.0
67 87 -44.0
68 48 -45.0
68 57 -43.0
68 58 -45.0
68 59 -54.0
68 66 -49.0
68 67 -52.0
68 69 -45.0
68 77 -42.0
68 78 -42.0
68 79 -55.0
68 88 -47.0
69 49 -51.0
69 58 -42.0
69 59 -51.0
69 67 -40.0
69 68 -55.0
69 78 -44.0
69 79 -46.0
69 89 -44.0
70 50 -54.0
70 60 -48.0
70 61 -48.0
70 71 -52.0
70 72 -45.0
70 80 -46.0
70 81 -40.0
70 90 -41.0
71 51 -55.0
71 60 -55.0
71 61 -48.0
71 62 -43.0
71 70 -42.0
71 72 -45.0
71 73 -51.0
71 80 -44.0
71 81 -51.0
71 82 -52.0
71 91 -50.0
72 52 -46.0
72 61 -44.0
72 62 -52.0
72 63 -49.0
72 70 -40.0
72 71 -42.0
72 73 -45.0
72 74 -40.0
72 81 -44.0
72 82 -42.0
72 83 -52.0
72 92 -45.0
73 53 -50.0
73 62 -46.0
73 63 -49.0
73 64 -47.0
73 71 -52.0
73 72 -40.0
73 74 -50.0
73 75 -50.0
73 82 -46.0
73 83 -48.0
73 84 -51.0
73 93 -43.0
74 54 -45.0
74 63 -53.0
74 64 -43.0
74 65 -52.0
74 72 -54.0
74 73 -47.0
74 75 -44.0
74 76 -54.0
74 83 -41.0
74 84 -45.0
74 85 -48.0
74 94 -49.0
75 55 -54.0
75 64 -40.0
75 65 -47.0
75 66 -40.0
75 73 -51.0
75 74 -53.0
75 76 -48.0
75 77 -42.0
75 84 -43.0
75 85 -43.0
75 86 -42.0
75 95 -44.0
76 56 -48.0
76 65 -51.0
76 66 -42.0
76 67 -46.0
76 74 -55.0
76 75 -47.0
76 77 -54.0
76 78 -42.0
76 85 -54.0
76 86 -52.0
76 87 -42.0
76 96 -54.0
77 57 -51.0
77 66 -45.0
77 67 -50.0
77 68 -44.0
77 75 -52.0
77 76 -41.0
77 78 -54.0
77 79 -53.0
77 86 -41.0
77 87 -44.0
77 88 -50.0
77 97 -46.0
78 58 -52.0
78 67 -44.0
78 68 -44.0
78 69 -55.0
78 76 -52.0
78 77 -53.0
78 79 -54.0
78 87 -44.0
78 88 -54.0
78 89 -42.0
78 98 -42.0
79 59 -51.0
79 68 -55.0
79 69 -51.0
79 77 -44.0
79 78 -55.0
79 88 -41.0
79 89 -40.0
79 99 -41.0
80 60 -52.0
80 70 -42.0
80 71 -48.0
80 81 -48.0
80 82 -47.0
80 90 -51.0
80 91 -40.0
81 61 -43.0
81 70 -44.0
81 71 -54.0
81 72 -47.0
81 80 -45.0
81 82 -40.0
81 83 -47.0
81 90 -45.0
81 91 -43.0
81 92 -53.0
82 62 -51.0
82 71 -54.0
82 72 -46.0
82 73 -50.0
82 80 -45.0
82 81 -41.0
82 83 -50.0
82 84 -47.0
82 91 -52.0
82 92 -53.0
82 93 -55.0
83 63 -47.0
83 72 -53.0
83 73 -55.0
83 74 -49.0
83 81 -53.0
83 82 -53.0
83 84 -51.0
83 85 -53.0
83 92 -40.0
83 93 -48.0
83 94 -43.0
84 64 -55.0
84 73 -45.0
84 74 -46.0
84 75 -54.0
84 82 -48.0
84 83 -44.0
84 85 -50.0
84 86 -43.0
84 93 -49.0
84 94 -43.0
84 95 -43.0
85 65 -45.0
85 74 -45.0
85 75 -40.0
85 76 -40.0
85 83 -46.0
85 84 -42.0
85 86 -41.0
85 87 -40.0
85 94 -50.0
85 95 -53.0
85 96 -53.0
86 66 -45.0
86 75 -46.0
86 76 -50.0
86 77 -55.0
86 84 -53.0
86 85 -43.0
86 87 -55.0
86 88 -54.0
86 95 -49.0
86 96 -51.0
86 97 -52.0
87 67 -47.0
87 76 -42.0
87 77 -41.0
87 78 -54.0
87 85 -45.0
87 86 -54.0
87 88 -43.0
87 89 -50.0
87 96 -44.0
87 97 -48.0
87 98 -48.0
88 68 -48.0
88 77 -49.0
88 78 -47.0
88 79 -44.0
88 86 -42.0
88 87 -47.0
88 89 -48.0
88 97 -49.0
88 98 -49.0
88 99 -44.0
89 69 -47.0
89 78 -48.0
89 79 -44.0
89 87 -46.0
89 88 -42.0
89 98 -46.0
89 99 -41.0
90 70 -50.0
90 80 -51.0
90 81 -41.0
90 91 -51.0
90 92 -49.0
91 71 -47.0
91 80 -41.0
91 81 -43.0
91 82 -46.0
91 90 -43.0
91 92 -55.0
91 93 -53.0
92 72 -54.0
92 81 -44.0
92 82 -45.0
92 83 -41.0
92 90 -45.0
92 91 -52.0
92 93 -41.0
92 94 -48.0
93 73 -41.0
93 82 -43.0
93 83 -46.0
93 84 -55.0
93 91 -43.0
93 92 -51.0
93 94 -45.0
93 95 -51.0
94 74 -50.0
94 83 -51.0
94 84 -40.0
94 85 -55.0
94 92 -46.0
94 93 -50.0
94 95 -42.0
94 96 -41.0
95 75 -47.0
95 84 -42.0
95 85 -51.0
95 86 -43.0
95 93 -50.0
95 94 -54.0
95 96 -41.0
95 97 -49.0
96 76 -54.0
96 85 -46.0
96 86 -47.0
96 87 -44.0
96 94 -47.0
96 95 -40.0
96 97 -45.0
96 98 -42.0
97 77 -42.0
97 86 -47.0
97 87 -41.0
97 88 -44.0
97 95 -42.0
97 96 -53.0
97 98 -54.0
97 99 -55.0
98 78 -40.0
98 87 -50.0
98 88 -49.0
98 89 -47.0
98 96 -44.0
98 97 -45.0
98 99 -49.0
99 79 -50.0
99 88 -45.0
99 89 -52.0
99 97 -52.0
99 98 -52.0
