0 1 -48.0
0 2 -55.0
0 7 -42.0
0 8 -48.0
0 9 -52.0
0 14 -53.0
0 15 -47.0
0 16 -54.0
1 0 -46.0
1 2 -50.0
1 3 -48.0
1 7 -46.0
1 8 -54.0
1 9 -49.0
1 10 -47.0
1 14 -44.0
1 15 -52.0
1 16 -46.0
1 17 -49.0
2 0 -49.0
2 1 -40.0
2 3 -40.0
2 4 -43.0
2 7 -53.0
2 8 -53.0
2 9 -44.0
2 10 -46.0
2 11 -46.0
2 14 -45.0
2 15 -55.0
2 16 -43.0
2 17 -51.0
2 18 -46.0
3 1 -43.0
3 2 -51.0
3 4 -54.0
3 5 -53.0
3 8 -43.0
3 9 -52.0
3 10 -43.0
3 11 -49.0
3 12 -44.0
3 15 -46.0
3 16 -49.0
3 17 -49.0
3 18 -50.0
3 19 -41.0
4 2 -54.0
4 3 -54.0
4 5 -46.0
4 6 -48.0
4 9 -55.0
4 10 -51.0
4 11 -42.0
4 12 -55.0
4 13 -47.0
4 16 -44.0
4 17 -50.0
4 18 -49.0
4 19 -54.0
4 20 -44.0
5 3 -46.0
5 4 -45.0
5 6 -55.0
5 10 -53.0
5 11 -49.0
5 12 -52.0
5 13 -47.0
5 17 -43.0
5 18 -46.0
5 19 -41.0
5 20 -55.0
6 4 -42.0
6 5 -50.0
6 11 -53.0
6 12 -52.0
6 13 -51.0
6 18 -42.0
6 19 -40.0
6 20 -50.0
7 0 -52.0
7 1 -44.0
7 2 -54.0
7 8 -40.0
7 9 -53.0
7 14 -55.0
7 15 -40.0
7 16 -44.0
7 21 -55.0
7 22 -49.0
7 23 -45.0
8 0 -49.0
8 1 -40.0
8 2 -42.0
8 3 -46.0
8 7 -55.0
8 9 -41.0
8 10 -49.0
8 14 -51.0
8 15 -48.0
8 16 -52.0
8 17 -45.0
8 21 -48.0
8 22 -47.0
8 23 -53.0
8 24 -45.0
9 0 -55.0
9 1 -44.0
9 2 -53.0
9 3 -48.0
9 4 -42.0
9 7 -50.0
9 8 -47.0
9 10 -44.0
9 11 -41.0
9 14 -40.0
9 15 -53.0
9 16 -53.0
9 17 -43.0
9 18 -46.0
9 21 -47.0
9 22 -44.0
9 23 -55.0
9 24 -41.0
9 25 -44.0
10 1 -44.0
10 2 -43.0
10 3 -53.0
10 4 -48.0
10 5 -44.0
10 8 -47.0
10 9 -49.0
10 11 -51.0
10 12 -45.0
10 15 -49.0
10 16 -50.0
10 17 -53.0
10 18 -45.0
10 19 -50.0
10 22 -45.0
10 23 -50.0
10 24 -46.0
10 25 -40.0
10 26 -43.0
11 2 -51.0
11 3 -48.0
11 4 -52.0
11 5 -54.0
11 6 -49.0
11 9 -41.0
11 10 -46.0
11 12 -40.0
11 13 -42.0
11 16 -44.0
11 17 -46.0
11 18 -54.0
11 19 -43.0
11 20 -48.0
11 23 -52.0
11 24 -42.0
11 25 -43.0
11 26 -42.0
11 27 -44.0
12 3 -52.0
12 4 -49.0
12 5 -55.0
12 6 -46.0
12 10 -42.0
12 11 -52.0
12 13 -48.0
12 17 -43.0
12 18 -49.0
12 19 -40.0
12 20 -50.0
12 24 -50.0
12 25 -43.0
12 26 -46.0
12 27 -52.0
13 4 -54.0
13 5 -44.0
13 6 -40.0
13 11 -46.0
13 12 -40.0
13 18 -48.0
13 19 -50.0
13 20 -43.0
13 25 -45.0
13 26 -55.0
13 27 -48.0
14 0 -43.0
14 1 -51.0
14 2 -50.0
14 7 -51.0
14 8 -50.0
14 9 -55.0
14 15 -43.0
14 16 -45.0
14 21 -53.0
14 22 -48.0
14 23 -52.0
14 28 -42.0
14 29 -51.0
14 30 -49.0
15 0 -52.0
15 1 -43.0
15 2 -51.0
15 3 -50.0
15 7 -42.0
15 8 -46.0
15 9 -47.0
15 10 -51.0
15 14 -41.0
15 16 -45.0
15 17 -47.0
15 21 -42.0
15 22 -43.0
15 23 -43.0
15 24 -51.0
15 28 -47.0
15 29 -44.0
15 30 -40.0
15 31 -49.0
16 0 -44.0
16 1 -48.0
16 2 -47.0
16 3 -51.0
16 4 -55.0
16 7 -50.0
16 8 -49.0
16 9 -49.0
16 10 -55.0
16 11 -47.0
16 14 -51.0
16 15 -44.0
16 17 -42.0
16 18 -55.0
16 21 -41.0
16 22 -42.0
16 23 -51.0
16 24 -48.0
16 25 -52.0
16 28 -54.0
16 29 -44.0
16 30 -55.0
16 31 -55.0
16 32 -51.0
17 1 -41.0
17 2 -44.0
17 3 -40.0
17 4 -53.0
17 5 -40.0
17 8 -47.0
17 9 -46.0
17 10 -42.0
17 11 -52.0
17 12 -44.0
17 15 -41.0
17 16 -49.0
17 18 -43.0
17 19 -52.0
17 22 -40.0
17 23 -48.0
17 24 -47.0
17 25 -44.0
17 26 -46.0
17 29 -48.0
17 30 -53.0
17 31 -50.0
17 32 -40.0
17 33 -42.0
18 2 -42.0
18 3 -49.0
18 4 -54.0
18 5 -55.0
18 6 -50.0
18 9 -45.0
18 10 -49.0
18 11 -52.0
18 12 -50.0
18 13 -44.0
18 16 -53.0
18 17 -44.0
18 19 -48.0
18 20 -42.0
18 23 -50.0
18 24 -44.0
18 25 -50.0
18 26 -52.0
18 27 -47.0
18 30 -50.0
18 31 -43.0
18 32 -40.0
18 33 -55.0
18 34 -54.0
19 3 -45.0
19 4 -46.0
19 5 -45.0
19 6 -54.0
19 10 -52.0
19 11 -45.0
19 12 -50.0
19 13 -42.0
19 17 -47.0
19 18 -44.0
19 20 -45.0
19 24 -45.0
19 25 -44.0
19 26 -54.0
19 27 -51.0
19 31 -51.0
19 32 -54.0
19 33 -51.0
19 34 -52.0
20 4 -48.0
20 5 -48.0
20 6 -43.0
20 11 -47.0
20 12 -54.0
20 13 -52.0
20 18 -51.0
20 19 -49.0
20 25 -49.0
20 26 -41.0
20 27 -51.0
20 32 -45.0
20 33 -43.0
20 34 -45.0
21 7 -51.0
21 8 -53.0
21 9 -52.0
21 14 -51.0
21 15 -54.0
21 16 -48.0
21 22 -51.0
21 23 -55.0
21 28 -53.0
21 29 -45.0
21 30 -51.0
21 35 -51.0
21 36 -43.0
21 37 -44.0
22 7 -51.0
22 8 -40.0
22 9 -41.0
22 10 -43.0
22 14 -55.0
22 15 -51.0
22 16 -49.0
22 17 -52.0
22 21 -42.0
22 23 -44.0
22 24 -44.0
22 28 -40.0
22 29 -50.0
22 30 -43.0
22 31 -55.0
22 35 -50.0
22 36 -43.0
22 37 -55.0
22 38 -42.0
23 7 -40.0
23 8 -52.0
23 9 -41.0
23 10 -47.0
23 11 -44.0
23 14 -43.0
23 15 -47.0
23 16 -45.0
23 17 -43.0
23 18 -45.0
23 21 -53.0
23 22 -44.0
23 24 -46.0
23 25 -53.0
23 28 -46.0
23 29 -42.0
23 30 -49.0
23 31 -43.0
23 32 -51.0
23 35 -43.0
23 36 -49.0
23 37 -52.0
23 38 -48.0
23 39 -45.0
24 8 -40.0
24 9 -49.0
24 10 -47.0
24 11 -45.0
24 12 -47.0
24 15 -48.0
24 16 -54.0
24 17 -54.0
24 18 -47.0
24 19 -48.0
24 22 -55.0
24 23 -46.0
24 25 -52.0
24 26 -49.0
24 29 -45.0
24 30 -42.0
24 31 -44.0
24 32 -45.0
24 33 -50.0
24 36 -43.0
24 37 -46.0
24 38 -41.0
24 39 -54.0
24 40 -42.0
25 9 -48.0
25 10 -46.0
25 11 -41.0
25 12 -46.0
25 13 -41.0
25 16 -53.0
25 17 -46.0
25 18 -49.0
25 19 -54.0
25 20 -42.0
25 23 -47.0
25 24 -54.0
25 26 -42.0
25 27 -52.0
25 30 -45.0
25 31 -50.0
25 32 -50.0
25 33 -47.0
25 34 -49.0
25 37 -53.0
25 38 -44.0
25 39 -45.0
25 40 -43.0
25 41 -52.0
26 10 -51.0
26 11 -40.0
26 12 -52.0
26 13 -52.0
26 17 -49.0
26 18 -55.0
26 19 -52.0
26 20 -47.0
26 24 -55.0
26 25 -49.0
26 27 -45.0
26 31 -49.0
26 32 -46.0
26 33 -46.0
26 34 -48.0
26 38 -51.0
26 39 -51.0
26 40 -48.0
26 41 -51.0
27 11 -45.0
27 12 -49.0
27 13 -41.0
27 18 -43.0
27 19 -40.0
27 20 -44.0
27 25 -46.0
27 26 -54.0
27 32 -53.0
27 33 -52.0
27 34 -43.0
27 39 -55.0
27 40 -45.0
27 41 -49.0
28 14 -45.0
28 15 -43.0
28 16 -45.0
28 21 -44.0
28 22 -55.0
28 23 -43.0
28 29 -41.0
28 30 -53.0
28 35 -50.0
28 36 -50.0
28 37 -47.0
28 42 -48.0
28 43 -42.0
28 44 -42.0
29 14 -54.0
29 15 -44.0
29 16 -53.0
29 17 -54.0
29 21 -45.0
29 22 -40.0
29 23 -47.0
29 24 -45.0
29 28 -52.0
29 30 -54.0
29 31 -54.0
29 35 -47.0
29 36 -48.0
29 37 -48.0
29 38 -44.0
29 42 -43.0
29 43 -46.0
29 44 -55.0
29 45 -44.0
30 14 -54.0
30 15 -52.0
30 16 -43.0
30 17 -49.0
30 18 -50.0
30 21 -40.0
30 22 -43.0
30 23 -48.0
30 24 -52.0
30 25 -40.0
30 28 -48.0
30 29 -40.0
30 31 -45.0
30 32 -47.0
30 35 -46.0
30 36 -49.0
30 37 -55.0
30 38 -53.0
30 39 -47.0
30 42 -45.0
30 43 -49.0
30 44 -51.0
30 45 -40.0
30 46 -47.0
31 15 -54.0
31 16 -47.0
31 17 -49.0
31 18 -45.0
31 19 -46.0
31 22 -48.0
31 23 -53.0
31 24 -51.0
31 25 -51.0
31 26 -44.0
31 29 -48.0
31 30 -49.0
31 32 -55.0
31 33 -48.0
31 36 -51.0
31 37 -55.0
31 38 -54.0
31 39 -43.0
31 40 -44.0
31 43 -41.0
31 44 -46.0
31 45 -54.0
31 46 -44.0
31 47 -55.0
32 16 -50.0
32 17 -49.0
32 18 -46.0
32 19 -49.0
32 20 -50.0
32 23 -41.0
32 24 -54.0
32 25 -42.0
32 26 -54.0
32 27 -41.0
32 30 -44.0
32 31 -45.0
32 33 -52.0
32 34 -52.0
32 37 -46.0
32 38 -53.0
32 39 -42.0
32 40 -52.0
32 41 -44.0
32 44 -54.0
32 45 -53.0
32 46 -42.0
32 47 -48.0
32 48 -46.0
33 17 -45.0
33 18 -47.0
33 19 -44.0
33 20 -46.0
33 24 -45.0
33 25 -45.0
33 26 -44.0
33 27 -52.0
33 31 -44.0
33 32 -44.0
33 34 -53.0
33 38 -42.0
33 39 -53.0
33 40 -52.0
33 41 -45.0
33 45 -45.0
33 46 -45.0
33 47 -43.0
33 48 -52.0
34 18 -46.0
34 19 -53.0
34 20 -50.0
34 25 -53.0
34 26 -46.0
34 27 -50.0
34 32 -40.0
34 33 -46.0
34 39 -42.0
34 40 -49.0
34 41 -52.0
34 46 -48.0
34 47 -43.0
34 48 -44.0
35 21 -41.0
35 22 -49.0
35 23 -55.0
35 28 -43.0
35 29 -51.0
35 30 -53.0
35 36 -52.0
35 37 -42.0
35 42 -46.0
35 43 -48.0
35 44 -48.0
36 21 -48.0
36 22 -51.0
36 23 -50.0
36 24 -49.0
36 28 -47.0
36 29 -45.0
36 30 -40.0
36 31 -49.0
36 35 -46.0
36 37 -44.0
36 38 -45.0
36 42 -40.0
36 43 -44.0
36 44 -45.0
36 45 -49.0
37 21 -53.0
37 22 -41.0
37 23 -48.0
37 24 -44.0
37 25 -44.0
37 28 -42.0
37 29 -44.0
37 30 -51.0
37 31 -52.0
37 32 -47.0
37 35 -47.0
37 36 -51.0
37 38 -52.0
37 39 -55.0
37 42 -49.0
37 43 -42.0
37 44 -43.0
37 45 -50.0
37 46 -42.0
38 22 -45.0
38 23 -51.0
38 24 -40.0
38 25 -51.0
38 26 -54.0
38 29 -55.0
38 30 -51.0
38 31 -48.0
38 32 -53.0
38 33 -50.0
38 36 -52.0
38 37 -55.0
38 39 -55.0
38 40 -55.0
38 43 -45.0
38 44 -48.0
38 45 -44.0
38 46 -53.0
38 47 -48.0
39 23 -49.0
39 24 -43.0
39 25 -54.0
39 26 -42.0
39 27 -46.0
39 30 -42.0
39 31 -40.0
39 32 -43.0
39 33 -46.0
39 34 -50.0
39 37 -49.0
39 38 -43.0
39 40 -48.0
39 41 -43.0
39 44 -49.0
39 45 -48.0
39 46 -44.0
39 47 -45.0
39 48 -43.0
40 24 -49.0
40 25 -44.0
40 26 -54.0
40 27 -50.0
40 31 -42.0
40 32 -42.0
40 33 -41.0
40 34 -42.0
40 38 -55.0
40 39 -49.0
40 41 -54.0
40 45 -48.0
40 46 -52.0
40 47 -44.0
40 48 -45.0
41 25 -49.0
41 26 -43.0
41 27 -52.0
41 32 -46.0
41 33 -48.0
41 34 -50.0
41 39 -53.0
41 40 -41.0
41 46 -55.0
41 47 -40.0
41 48 -45.0
42 28 -55.0
42 29 -41.0
42 30 -48.0
42 35 -43.0
42 36 -51.0
42 37 -51.0
42 43 -42.0
42 44 -49.0
43 28 -47.0
43 29 -48.0
43 30 -45.0
43 31 -50.0
43 35 -53.0
43 36 -41.0
43 37 -40.0
43 38 -50.0
43 42 -52.0
43 44 -55.0
43 45 -41.0
44 28 -43.0
44 29 -52.0
44 30 -55.0
44 31 -52.0
44 32 -40.0
44 35 -45.0
44 36 -46.0
44 37 -50.0
44 38 -42.0
44 39 -52.0
44 42 -52.0
44 43 -53.0
44 45 -48.0
44 46 -49.0
45 29 -49.0
45 30 -44.0
45 31 -41.0
45 32 -54.0
45 33 -52.0
45 36 -48.0
45 37 -49.0
45 38 -48.0
45 39 -47.0
45 40 -51.0
45 43 -48.0
45 44 -51.0
45 46 -53.0
45 47 -45.0
46 30 -53.0
46 31 -48.0
46 32 -45.0
46 33 -40.0
46 34 -55.0
46 37 -44.0
46 38 -47.0
46 39 -44.0
46 40 -46.0
46 41 -50.0
46 44 -47.0
46 45 -45.0
46 47 -44.0
46 48 -53.0
47 31 -40.0
47 32 -55.0
47 33 -40.0
47 34 -54.0
47 38 -53.0
47 39 -54.0
47 40 -45.0
47 41 -40.0
47 45 -49.0
47 46 -53.0
47 48 -42.0
48 32 -54.0
48 33 -47.0
48 34 -44.0
48 39 -49.0
48 40 -51.0
48 41 -44.0
48 46 -51.0
48 47 -41.0
