0 1 -47.0
0 10 -52.0
1 0 -52.0
1 2 -53.0
1 11 -50.0
2 1 -40.0
2 3 -51.0
2 12 -47.0
3 2 -50.0
3 4 -49.0
3 13 -44.0
4 3 -44.0
4 5 -49.0
4 14 -46.0
5 4 -40.0
5 6 -49.0
5 15 -48.0
6 5 -44.0
6 7 -45.0
6 16 -50.0
7 6 -41.0
7 8 -50.0
7 17 -46.0
8 7 -44.0
8 9 -44.0
8 18 -45.0
9 8 -47.0
9 19 -41.0
10 0 -40.0
10 11 -50.0
10 20 -52.0
11 1 -41.0
11 10 -53.0
11 12 -55.0
11 21 -54.0
12 2 -40.0
12 11 -46.0
12 13 -45.0
12 22 -50.0
13 3 -52.0
13 12 -51.0
13 14 -51.0
13 23 -43.0
14 4 -41.0
14 13 -40.0
14 15 -50.0
14 24 -40.0
15 5 -52.0
15 14 -40.0
15 16 -49.0
15 25 -52.0
16 6 -54.0
16 15 -44.0
16 17 -48.0
16 26 -51.0
17 7 -47.0
17 16 -53.0
17 18 -42.0
17 27 -54.0
18 8 -52.0
18 17 -54.0
18 19 -52.0
18 28 -42.0
19 9 -48.0
19 18 -46.0
19 29 -42.0
20 10 -54.0
20 21 -53.0
20 30 -53.0
21 11 -51.0
21 20 -53.0
21 22 -51.0
21 31 -47.0
22 12 -55.0
22 21 -52.0
22 23 -53.0
22 32 -43.0
23 13 -47.0
23 22 -54.0
23 24 -44.0
23 33 -47.0
24 14 -48.0
24 23 -41.0
24 25 -51.0
24 34 -44.0
25 15 -53.0
25 24 -40.0
25 26 -44.0
25 35 -48.0
26 16 -47.0
26 25 -44.0
26 27 -45.0
26 36 -42.0
27 17 -47.0
27 26 -45.0
27 28 -46.0
27 37 -45.0
28 18 -46.0
28 27 -55.0
28 29 -54.0
28 38 -49.0
29 19 -41.0
29 28 -46.0
29 39 -52.0
30 20 -50.0
30 31 -45.0
30 40 -45.0
31 21 -47.0
31 30 -47.0
31 32 -49.0
31 41 -43.0
32 22 -48.0
32 31 -43.0
32 33 -54.0
32 42 -48.0
33 23 -50.0
33 32 -44.0
33 34 -50.0
33 43 -48.0
34 24 -54.0
34 33 -43.0
34 35 -51.0
34 44 -46.0
35 25 -46.0
35 34 -50.0
35 36 -49.0
35 45 -55.0
36 26 -51.0
36 35 -47.0
36 37 -46.0
36 46 -40.0
37 27 -48.0
37 36 -45.0
37 38 -49.0
37 47 -44.0
38 28 -45.0
38 37 -52.0
38 39 -47.0
38 48 -40.0
39 29 -49.0
39 38 -43.0
39 49 -46.0
40 30 -40.0
40 41 -50.0
40 50 -43.0
41 31 -55.0
41 40 -49.0
41 42 -54.0
41 51 -53.0
42 32 -44.0
42 41 -40.0
42 43 -47.0
42 52 -49.0
43 33 -40.0
43 42 -50.0
43 44 -51.0
43 53 -55.0
44 34 -54.0
44 43 -42.0
44 45 -54.0
44 54 -45.0
45 35 -47.0
45 44 -46.0
45 46 -52.0
45 55 -42.0
46 36 -55.0
46 45 -43.0
46 47 -52.0
46 56 -40.0
47 37 -42.0
47 46 -52.0
47 48 -52.0
47 57 -42.0
48 38 -43.0
48 47 -49.0
48 49 -41.0
48 58 -49.0
49 39 -54.0
49 48 -49.0
49 59 -46.0
50 40 -41.0
50 51 -55.0
50 60 -50.0
51 41 -49.0
51 50 -54.0
51 52 -40.0
51 61 -42.0
52 42 -51.0
52 51 -42.0
52 53 -50.0
52 62 -41.0
53 43 -53.0
53 52 -45.0
53 54 -48.0
53 63 -55.0
54 44 -55.0
54 53 -45.0
54 55 -43.0
54 64 -40.0
55 45 -54.0
55 54 -52.0
55 56 -51.0
55 65 -49.0
56 46 -43.0
56 55 -55.0
56 57 -52.0
56 66 -45.0
57 47 -52.0
57 56 -42.0
57 58 -55.0
57 67 -40.0
58 48 -52.0
58 57 -50.0
58 59 -44.0
58 68 -50.0
59 49 -43.0
59 58 -41.0
59 69 -50.0
60 50 -54.0
60 61 -48.0
60 70 -51.0
61 51 -53.0
61 60 -48.0
61 62 -45.0
61 71 -53.0
62 52 -55.0
62 61 -51.0
62 63 -47.0
62 72 -43.0
63 53 -47.0
63 62 -53.0
63 64 -48.0
63 73 -41.0
64 54 -55.0
64 63 -47.0
64 65 -51.0
64 74 -41.0
65 55 -42.0
65 64 -52.0
65 66 -45.0
65 75 -53.0
66 56 -40.0
66 65 -54.0
66 67 -48.0
66 76 -48.0
67 57 -50.0
67 66 -49.0
67 68 -52.0
67 77 -47.0
68 58 -41.0
68 67 -55.0
68 69 -54.0
68 78 -51.0
69 59 -53.0
69 68 -40.0
69 79 -55.0
70 60 -45.0
70 71 -53.0
70 80 -41.0
71 61 -49.0
71 70 -47.0
71 72 -46.0
71 81 -49.0
72 62 -43.0
72 71 -49.0
72 73 -47.0
72 82 -44.0
73 63 -45.0
73 72 -50.0
73 74 -47.0
73 83 -42.0
74 64 -48.0
74 73 -51.0
74 75 -51.0
74 84 -44.0
75 65 -50.0
75 74 -43.0
75 76 -47.0
75 85 -49.0
76 66 -46.0
76 75 -43.0
76 77 -41.0
76 86 -47.0
77 67 -44.0
77 76 -43.0
77 78 -52.0
77 87 -43.0
78 68 -47.0
78 77 -50.0
78 79 -43.0
78 88 -51.0
79 69 -49.0
79 78 -41.0
79 89 -42.0
80 70 -43.0
80 81 -48.0
80 90 -45.0
81 71 -41.0
81 80 -48.0
81 82 -51.0
81 91 -45.0
82 72 -55.0
82 81 -40.0
82 83 -54.0
82 92 -52.0
83 73 -53.0
83 82 -41.0
83 84 -49.0
83 93 -52.0
84 74 -55.0
84 83 -44.0
84 85 -54.0
84 94 -43.0
85 75 -52.0
85 84 -42.0
85 86 -45.0
85 95 -44.0
86 76 -43.0
86 85 -47.0
86 87 -55.0
86 96 -43.0
87 77 -54.0
87 86 -48.0
87 88 -45.0
87 97 -52.0
88 78 -54.0
88 87 -43.0
88 89 -42.0
88 98 -50.0
89 79 -48.0
89 88 -41.0
89 99 -49.0
90 80 -51.0
90 91 -50.0
91 81 -47.0
91 90 -52.0
91 92 -54.0
92 82 -46.0
92 91 -48.0
92 93 -55.0
93 83 -52.0
93 92 -42.0
93 94 -45.0
94 84 -41.0
94 93 -50.0
94 95 -49.0
95 85 -49.0
95 94 -55.0
95 96 -48.0
96 86 -47.0
96 95 -49.0
96 97 -52.0
97 87 -48.0
97 96 -47.0
97 98 -51.0
98 88 -40.0
98 97 -49.0
98 99 -40.0
99 89 -46.0
99 98 -40.0
