0 1 -42.0
0 2 -42.0
0 5 -49.0
0 6 -44.0
0 10 -53.0
1 0 -42.0
1 2 -53.0
1 3 -51.0
1 5 -55.0
1 6 -53.0
1 7 -51.0
1 11 -48.0
2 0 -43.0
2 1 -48.0
2 3 -51.0
2 4 -49.0
2 6 -48.0
2 7 -42.0
2 8 -51.0
2 12 -42.0
3 1 -54.0
3 2 -44.0
3 4 -48.0
3 7 -49.0
3 8 -45.0
3 9 -51.0
3 13 -51.0
4 2 -52.0
4 3 -46.0
4 8 -41.0
4 9 -44.0
4 14 -44.0
5 0 -54.0
5 1 -46.0
5 6 -43.0
5 7 -46.0
5 10 -45.0
5 11 -50.0
5 15 -41.0
6 0 -42.0
6 1 -54.0
6 2 -54.0
6 5 -48.0
6 7 -48.0
6 8 -53.0
6 10 -46.0
6 11 -49.0
6 12 -48.0
6 16 -51.0
7 1 -54.0
7 2 -54.0
7 3 -40.0
7 5 -50.0
7 6 -46.0
7 8 -44.0
7 9 -40.0
7 11 -44.0
7 12 -47.0
7 13 -46.0
7 17 -45.0
8 2 -55.0
8 3 -45.0
8 4 -45.0
8 6 -42.0
8 7 -52.0
8 9 -53.0
8 12 -46.0
8 13 -40.0
8 14 -55.0
8 18 -43.0
9 3 -53.0
9 4 -51.0
9 7 -41.0
9 8 -41.0
9 13 -50.0
9 14 -41.0
9 19 -46.0
10 0 -46.0
10 5 -40.0
10 6 -46.0
10 11 -47.0
10 12 -51.0
10 15 -52.0
10 16 -50.0
10 20 -47.0
11 1 -48.0
11 5 -42.0
11 6 -46.0
11 7 -43.0
11 10 -47.0
11 12 -44.0
11 13 -53.0
11 15 -45.0
11 16 -50.0
11 17 -53.0
11 21 -48.0
12 2 -40.0
12 6 -52.0
12 7 -46.0
12 8 -41.0
12 10 -44.0
12 11 -45.0
12 13 -46.0
12 14 -50.0
12 16 -54.0
12 17 -41.0
12 18 -52.0
12 22 -42.0
13 3 -42.0
13 7 -47.0
13 8 -40.0
13 9 -44.0
13 11 -49.0
13 12 -47.0
13 14 -50.0
13 17 -46.0
13 18 -52.0
13 19 -45.0
13 23 -49.0
14 4 -52.0
14 8 -51.0
14 9 -53.0
14 12 -49.0
14 13 -47.0
14 18 -51.0
14 19 -44.0
14 24 -40.0
15 5 -44.0
15 10 -46.0
15 11 -40.0
15 16 -46.0
15 17 -42.0
15 20 -44.0
15 21 -55.0
16 6 -53.0
16 10 -45.0
16 11 -41.0
16 12 -45.0
16 15 -44.0
16 17 -52.0
16 18 -51.0
16 20 -54.0
16 21 -41.0
16 22 -54.0
17 7 -50.0
17 11 -50.0
17 12 -48.0
17 13 -50.0
17 15 -40.0
17 16 -41.0
17 18 -52.0
17 19 -51.0
17 21 -46.0
17 22 -49.0
17 23 -41.0
18 8 -46.0
18 12 -52.0
18 13 -54.0
18 14 -47.0
18 16 -49.0
18 17 -50.0
18 19 -53.0
18 22 -41.0
18 23 -50.0
18 24 -52.0
19 9 -44.0
19 13 -43.0
19 14 -52.0
19 17 -48.0
19 18 -50.0
19 23 -40.0
19 24 -44.0
20 10 -41.0
20 15 -48.0
20 16 -45.0
20 21 -48.0
20 22 -46.0
21 11 -52.0
21 15 -45.0
21 16 -48.0
21 17 -49.0
21 20 -47.0
21 22 -43.0
21 23 -47.0
22 12 -53.0
22 16 -52.0
22 17 -44.0
22 18 -49.0
22 20 -51.0
22 21 -45.0
22 23 -41.0
22 24 -42.0
23 13 -50.0
23 17 -44.0
23 18 -43.0
23 19 -42.0
23 21 -48.0
23 22 -43.0
23 24 -53.0
24 14 -42.0
24 18 -41.0
24 19 -48.0
24 22 -55.0
24 23 -51.0
