0 1 -45.0
0 7 -41.0
0 8 -41.0
1 0 -46.0
1 2 -50.0
1 7 -49.0
1 8 -44.0
1 9 -42.0
2 1 -40.0
2 3 -53.0
2 8 -42.0
2 9 -49.0
2 10 -45.0
3 2 -43.0
3 4 -55.0
3 9 -45.0
3 10 -44.0
3 11 -50.0
4 3 -42.0
4 5 -43.0
4 10 -46.0
4 11 -53.0
4 12 -52.0
5 4 -42.0
5 6 -52.0
5 11 -44.0
5 12 -41.0
5 13 -42.0
6 5 -44.0
6 12 -53.0
6 13 -50.0
7 0 -41.0
7 1 -53.0
7 8 -52.0
7 14 -53.0
7 15 -48.0
8 0 -53.0
8 1 -41.0
8 2 -53.0
8 7 -50.0
8 9 -41.0
8 14 -51.0
8 15 -50.0
8 16 -42.0
9 1 -49.0
9 2 -42.0
9 3 -51.0
9 8 -46.0
9 10 -42.0
9 15 -50.0
9 16 -47.0
9 17 -46.0
10 2 -49.0
10 3 -49.0
10 4 -43.0
10 9 -42.0
10 11 -44.0
10 16 -45.0
10 17 -44.0
10 18 -43.0
11 3 -40.0
11 4 -53.0
11 5 -51.0
11 10 -54.0
11 12 -40.0
11 17 -43.0
11 18 -45.0
11 19 -47.0
12 4 -48.0
12 5 -46.0
12 6 -43.0
12 11 -55.0
12 13 -42.0
12 18 -50.0
12 19 -43.0
12 20 -41.0
13 5 -49.0
13 6 -48.0
13 12 -47.0
13 19 -50.0
13 20 -50.0
14 7 -54.0
14 8 -48.0
14 15 -51.0
14 21 -40.0
14 22 -40.0
15 7 -50.0
15 8 -42.0
15 9 -42.0
15 14 -47.0
15 16 -44.0
15 21 -43.0
15 22 -44.0
15 23 -49.0
16 8 -49.0
16 9 -41.0
16 10 -53.0
16 15 -47.0
16 17 -48.0
16 22 -44.0
16 23 -40.0
16 24 -51.0
17 9 -49.0
17 10 -46.0
17 11 -41.0
17 16 -52.0
17 18 -43.0
17 23 -48.0
17 24 -47.0
17 25 -53.0
18 10 -48.0
18 11 -55.0
18 12 -48.0
18 17 -52.0
18 19 -47.0
18 24 -40.0
18 25 -47.0
18 26 -52.0
19 11 -51.0
19 12 -51.0
19 13 -54.0
19 18 -40.0
19 20 -48.0
19 25 -41.0
19 26 -48.0
19 27 -44.0
20 12 -48.0
20 13 -48.0
20 19 -45.0
20 26 -42.0
20 27 -46.0
21 14 -52.0
21 15 -52.0
21 22 -46.0
21 28 -42.0
21 29 -51.0
22 14 -40.0
22 15 -46.0
22 16 -41.0
22 21 -48.0
22 23 -45.0
22 28 -54.0
22 29 -41.0
22 30 -53.0
23 15 -46.0
23 16 -55.0
23 17 -52.0
23 22 -43.0
23 24 -54.0
23 29 -46.0
23 30 -46.0
23 31 -44.0
24 16 -55.0
24 17 -54.0
24 18 -54.0
24 23 -49.0
24 25 -55.0
24 30 -48.0
24 31 -54.0
24 32 -47.0
25 17 -44.0
25 18 -50.0
25 19 -42.0
25 24 -45.0
25 26 -55.0
25 31 -47.0
25 32 -46.0
25 33 -54.0
26 18 -53.0
26 19 -44.0
26 20 -51.0
26 25 -45.0
26 27 -44.0
26 32 -41.0
26 33 -49.0
26 34 -49.0
27 19 -51.0
27 20 -50.0
27 26 -46.0
27 33 -55.0
27 34 -53.0
28 21 -46.0
28 22 -45.0
28 29 -51.0
28 35 -51.0
28 36 -45.0
29 21 -45.0
29 22 -47.0
29 23 -44.0
29 28 -55.0
29 30 -44.0
29 35 -47.0
29 36 -52.0
29 37 -54.0
30 22 -46.0
30 23 -50.0
30 24 -46.0
30 29 -47.0
30 31 -43.0
30 36 -55.0
30 37 -41.0
30 38 -54.0
31 23 -51.0
31 24 -42.0
31 25 -43.0
31 30 -49.0
31 32 -44.0
31 37 -55.0
31 38 -51.0
31 39 -46.0
32 24 -53.0
32 25 -55.0
32 26 -46.0
32 31 -43.0
32 33 -48.0
32 38 -53.0
32 39 -46.0
32 40 -49.0
33 25 -44.0
33 26 -55.0
33 27 -45.0
33 32 -51.0
33 34 -48.0
33 39 -54.0
33 40 -55.0
33 41 -45.0
34 26 -55.0
34 27 -46.0
34 33 -47.0
34 40 -41.0
34 41 -52.0
35 28 -48.0
35 29 -43.0
35 36 -50.0
35 42 -45.0
35 43 -53.0
36 28 -55.0
36 29 -48.0
36 30 -44.0
36 35 -48.0
36 37 -50.0
36 42 -45.0
36 43 -43.0
36 44 -41.0
37 29 -40.0
37 30 -53.0
37 31 -40.0
37 36 -45.0
37 38 -52.0
37 43 -47.0
37 44 -51.0
37 45 -46.0
38 30 -40.0
38 31 -54.0
38 32 -51.0
38 37 -53.0
38 39 -51.0
38 44 -44.0
38 45 -54.0
38 46 -53.0
39 31 -50.0
39 32 -40.0
39 33 -44.0
39 38 -49.0
39 40 -40.0
39 45 -48.0
39 46 -44.0
39 47 -51.0
40 32 -47.0
40 33 -50.0
40 34 -40.0
40 39 -52.0
40 41 -54.0
40 46 -45.0
40 47 -46.0
40 48 -45.0
41 33 -54.0
41 34 -40.0
41 40 -50.0
41 47 -48.0
41 48 -41.0
42 35 -45.0
42 36 -43.0
42 43 -54.0
43 35 -51.0
43 36 -45.0
43 37 -50.0
43 42 -47.0
43 44 -45.0
44 36 -49.0
44 37 -51.0
44 38 -45.0
44 43 -49.0
44 45 -49.0
45 37 -50.0
45 38 -44.0
45 39 -52.0
45 44 -48.0
45 46 -41.0
46 38 -45.0
46 39 -54.0
46 40 -43.0
46 45 -52.0
46 47 -44.0
47 39 -49.0
47 40 -46.0
47 41 -53.0
47 46 -44.0
47 48 -55.0
48 40 -51.0
48 41 -46.0
48 47 -55.0
