0 1 -53.0
0 2 -54.0
0 3 -54.0
0 5 -54.0
0 6 -52.0
0 7 -42.0
0 10 -46.0
0 11 -55.0
0 12 -46.0
0 15 -46.0
1 0 -41.0
1 2 -47.0
1 3 -50.0
1 4 -50.0
1 5 -42.0
1 6 -41.0
1 7 -53.0
1 8 -49.0
1 10 -48.0
1 11 -46.0
1 12 -47.0
1 13 -40.0
1 16 -43.0
2 0 -53.0
2 1 -49.0
2 3 -50.0
2 4 -51.0
2 5 -41.0
2 6 -54.0
2 7 -42.0
2 8 -48.0
2 9 -41.0
2 10 -51.0
2 11 -51.0
2 12 -44.0
2 13 -40.0
2 14 -47.0
2 17 -49.0
3 0 -47.0
3 1 -46.0
3 2 -55.0
3 4 -55.0
3 6 -53.0
3 7 -43.0
3 8 -52.0
3 9 -47.0
3 11 -55.0
3 12 -42.0
3 13 -43.0
3 14 -47.0
3 18 -46.0
4 1 -47.0
4 2 -53.0
4 3 -40.0
4 7 -41.0
4 8 -45.0
4 9 -53.0
4 12 -41.0
4 13 -45.0
4 14 -46.0
4 19 -50.0
5 0 -55.0
5 1 -54.0
5 2 -48.0
5 6 -47.0
5 7 -43.0
5 8 -50.0
5 10 -53.0
5 11 -52.0
5 12 -40.0
5 15 -54.0
5 16 -45.0
5 17 -43.0
5 20 -52.0
6 0 -41.0
6 1 -52.0
6 2 -40.0
6 3 -43.0
6 5 -43.0
6 7 -54.0
6 8 -54.0
6 9 -45.0
6 10 -53.0
6 11 -43.0
6 12 -46.0
6 13 -54.0
6 15 -47.0
6 16 -54.0
6 17 -43.0
6 18 -48.0
6 21 -47.0
7 0 -55.0
7 1 -47.0
7 2 -55.0
7 3 -40.0
7 4 -55.0
7 5 -49.0
7 6 -46.0
7 8 -55.0
7 9 -42.0
7 10 -55.0
7 11 -52.0
7 12 -53.0
7 13 -53.0
7 14 -40.0
7 15 -54.0
7 16 -41.0
7 17 -41.0
7 18 -43.0
7 19 -55.0
7 22 -47.0
8 1 -46.0
8 2 -54.0
8 3 -54.0
8 4 -52.0
8 5 -41.0
8 6 -47.0
8 7 -55.0
8 9 -42.0
8 11 -43.0
8 12 -42.0
8 13 -44.0
8 14 -51.0
8 16 -54.0
8 17 -53.0
8 18 -50.0
8 19 -40.0
8 23 -47.0
9 2 -40.0
9 3 -41.0
9 4 -48.0
9 6 -48.0
9 7 -49.0
9 8 -41.0
9 12 -48.0
9 13 -43.0
9 14 -50.0
9 17 -51.0
9 18 -47.0
9 19 -40.0
9 24 -46.0
10 0 -49.0
10 1 -51.0
10 2 -46.0
10 5 -54.0
10 6 -43.0
10 7 -45.0
10 11 -54.0
10 12 -47.0
10 13 -43.0
10 15 -55.0
10 16 -55.0
10 17 -45.0
10 20 -43.0
10 21 -41.0
10 22 -47.0
11 0 -51.0
11 1 -52.0
11 2 -52.0
11 3 -43.0
11 5 -44.0
11 6 -54.0
11 7 -50.0
11 8 -53.0
11 10 -41.0
11 12 -48.0
11 13 -40.0
11 14 -40.0
11 15 -42.0
11 16 -55.0
11 17 -54.0
11 18 -55.0
11 20 -49.0
11 21 -45.0
11 22 -40.0
11 23 -52.0
12 0 -41.0
12 1 -51.0
12 2 -45.0
12 3 -40.0
12 4 -55.0
12 5 -42.0
12 6 -43.0
12 7 -52.0
12 8 -51.0
12 9 -47.0
12 10 -44.0
12 11 -55.0
12 13 -51.0
12 14 -49.0
12 15 -40.0
12 16 -55.0
12 17 -44.0
12 18 -52.0
12 19 -43.0
12 20 -42.0
12 21 -40.0
12 22 -55.0
12 23 -44.0
12 24 -40.0
13 1 -50.0
13 2 -44.0
13 3 -53.0
13 4 -44.0
13 6 -52.0
13 7 -52.0
13 8 -40.0
13 9 -53.0
13 10 -55.0
13 11 -40.0
13 12 -41.0
13 14 -40.0
13 16 -43.0
13 17 -52.0
13 18 -44.0
13 19 -46.0
13 21 -53.0
13 22 -45.0
13 23 -46.0
13 24 -40.0
14 2 -42.0
14 3 -50.0
14 4 -55.0
14 7 -53.0
14 8 -44.0
14 9 -48.0
14 11 -41.0
14 12 -51.0
14 13 -46.0
14 17 -45.0
14 18 -44.0
14 19 -45.0
14 22 -41.0
14 23 -49.0
14 24 -41.0
15 0 -47.0
15 5 -53.0
15 6 -50.0
15 7 -45.0
15 10 -41.0
15 11 -43.0
15 12 -40.0
15 16 -51.0
15 17 -47.0
15 18 -52.0
15 20 -45.0
15 21 -40.0
15 22 -55.0
16 1 -55.0
16 5 -55.0
16 6 -48.0
16 7 -54.0
16 8 -52.0
16 10 -49.0
16 11 -47.0
16 12 -40.0
16 13 -52.0
16 15 -51.0
16 17 -43.0
16 18 -48.0
16 19 -48.0
16 20 -55.0
16 21 -47.0
16 22 -52.0
16 23 -55.0
17 2 -55.0
17 5 -52.0
17 6 -44.0
17 7 -55.0
17 8 -54.0
17 9 -51.0
17 10 -51.0
17 11 -44.0
17 12 -50.0
17 13 -51.0
17 14 -44.0
17 15 -48.0
17 16 -43.0
17 18 -40.0
17 19 -52.0
17 20 -43.0
17 21 -46.0
17 22 -43.0
17 23 -45.0
17 24 -55.0
18 3 -47.0
18 6 -48.0
18 7 -49.0
18 8 -43.0
18 9 -50.0
18 11 -50.0
18 12 -40.0
18 13 -41.0
18 14 -48.0
18 15 -53.0
18 16 -53.0
18 17 -51.0
18 19 -50.0
18 21 -53.0
18 22 -45.0
18 23 -48.0
18 24 -42.0
19 4 -43.0
19 7 -43.0
19 8 -54.0
19 9 -53.0
19 12 -41.0
19 13 -49.0
19 14 -46.0
19 16 -51.0
19 17 -40.0
19 18 -41.0
19 22 -54.0
19 23 -51.0
19 24 -52.0
20 5 -51.0
20 10 -50.0
20 11 -54.0
20 12 -40.0
20 15 -50.0
20 16 -54.0
20 17 -44.0
20 21 -40.0
20 22 -45.0
20 23 -55.0
21 6 -51.0
21 10 -43.0
21 11 -51.0
21 12 -55.0
21 13 -43.0
21 15 -43.0
21 16 -53.0
21 17 -51.0
21 18 -46.0
21 20 -55.0
21 22 -46.0
21 23 -47.0
21 24 -43.0
22 7 -55.0
22 10 -46.0
22 11 -55.0
22 12 -54.0
22 13 -43.0
22 14 -45.0
22 15 -49.0
22 16 -50.0
22 17 -40.0
22 18 -40.0
22 19 -41.0
22 20 -49.0
22 21 -49.0
22 23 -43.0
22 24 -52.0
23 8 -50.0
23 11 -40.0
23 12 -55.0
23 13 -54.0
23 14 -54.0
23 16 -40.0
23 17 -49.0
23 18 -40.0
23 19 -45.0
23 20 -52.0
23 21 -41.0
23 22 -52.0
23 24 -43.0
24 9 -40.0
24 12 -47.0
24 13 -51.0
24 14 -46.0
24 17 -41.0
24 18 -46.0
24 19 -40.0
24 21 -42.0
24 22 -52.0
24 23 -40.0
