0 1 -46.0
0 7 -55.0
1 0 -49.0
1 2 -49.0
1 8 -51.0
2 1 -46.0
2 3 -49.0
2 9 -45.0
3 2 -43.0
3 4 -51.0
3 10 -45.0
4 3 -50.0
4 5 -43.0
4 11 -42.0
5 4 -49.0
5 6 -44.0
5 12 -45.0
6 5 -51.0
6 13 -46.0
7 0 -45.0
7 8 -49.0
7 14 -52.0
8 1 -51.0
8 7 -48.0
8 9 -53.0
8 15 -47.0
9 2 -41.0
9 8 -54.0
9 10 -52.0
9 16 -49.0
10 3 -55.0
10 9 -53.0
10 11 -52.0
10 17 -40.0
11 4 -42.0
11 10 -42.0
11 12 -43.0
11 18 -45.0
12 5 -51.0
12 11 -54.0
12 13 -50.0
12 19 -53.0
13 6 -54.0
13 12 -42.0
13 20 -51.0
14 7 -50.0
14 15 -52.0
14 21 -47.0
15 8 -43.0
15 14 -53.0
15 16 -44.0
15 22 -44.0
16 9 -42.0
16 15 -41.0
16 17 -54.0
16 23 -53.0
17 10 -41.0
17 16 -45.0
17 18 -45.0
17 24 -54.0
18 11 -45.0
18 17 -48.0
18 19 -47.0
18 25 -54.0
19 12 -47.0
19 18 -48.0
19 20 -42.0
19 26 -46.0
20 13 -43.0
20 19 -47.0
20 27 -50.0
21 14 -45.0
21 22 -46.0
21 28 -45.0
22 15 -44.0
22 21 -50.0
22 23 -47.0
22 29 -47.0
23 16 -43.0
23 22 -52.0
23 24 -44.0
23 30 -41.0
24 17 -54.0
24 23 -53.0
24 25 -49.0
24 31 -52.0
25 18 -49.0
25 24 -49.0
25 26 -54.0
25 32 -52.0
26 19 -55.0
26 25 -43.0
26 27 -55.0
26 33 -41.0
27 20 -47.0
27 26 -42.0
27 34 -43.0
28 21 -45.0
28 29 -47.0
28 35 -49.0
29 22 -53.0
29 28 -54.0
29 30 -40.0
29 36 -43.0
30 23 -47.0
30 29 -45.0
30 31 -46.0
30 37 -44.0
31 24 -45.0
31 30 -55.0
31 32 -45.0
31 38 -49.0
32 25 -42.0
32 31 -41.0
32 33 -40.0
32 39 -40.0
33 26 -42.0
33 32 -46.0
33 34 -50.0
33 40 -54.0
34 27 -47.0
34 33 -46.0
34 41 -54.0
35 28 -46.0
35 36 -55.0
35 42 -42.0
36 29 -44.0
36 35 -40.0
36 37 -50.0
36 43 -52.0
37 30 -43.0
37 36 -48.0
37 38 -52.0
37 44 -49.0
38 31 -45.0
38 37 -48.0
38 39 -55.0
38 45 -50.0
39 32 -47.0
39 38 -43.0
39 40 -48.0
39 46 -49.0
40 33 -42.0
40 39 -49.0
40 41 -43.0
40 47 -42.0
41 34 -53.0
41 40 -49.0
41 48 -51.0
42 35 -42.0
42 43 -53.0
43 36 -51.0
43 42 -45.0
43 44 -46.0
44 37 -40.0
44 43 -53.0
44 45 -52.0
45 38 -42.0
45 44 -42.0
45 46 -52.0
46 39 -51.0
46 45 -45.0
46 47 -43.0
47 40 -42.0
47 46 -46.0
47 48 -51.0
48 41 -54.0
48 47 -53.0
