0 1 -54.0
0 10 -50.0
0 11 -55.0
1 0 -47.0
1 2 -51.0
1 10 -41.0
1 11 -51.0
1 12 -44.0
2 1 -41.0
2 3 -43.0
2 11 -46.0
2 12 -50.0
2 13 -41.0
3 2 -55.0
3 4 -48.0
3 12 -52.0
3 13 -42.0
3 14 -42.0
4 3 -43.0
4 5 -52.0
4 13 -42.0
4 14 -53.0
4 15 -50.0
5 4 -42.0
5 6 -40.0
5 14 -50.0
5 15 -44.0
5 16 -51.0
6 5 -51.0
6 7 -40.0
6 15 -51.0
6 16 -42.0
6 17 -45.0
7 6 -47.0
7 8 -49.0
7 16 -55.0
7 17 -55.0
7 18 -55.0
8 7 -50.0
8 9 -46.0
8 17 -51.0
8 18 -46.0
8 19 -43.0
9 8 -45.0
9 18 -55.0
9 19 -46.0
10 0 -51.0
10 1 -45.0
10 11 -48.0
10 20 -51.0
10 21 -41.0
11 0 -52.0
11 1 -50.0
11 2 -40.0
11 10 -53.0
11 12 -40.0
11 20 -41.0
11 21 -48.0
11 22 -54.0
12 1 -53.0
12 2 -48.0
12 3 -42.0
12 11 -47.0
12 13 -41.0
12 21 -51.0
12 22 -44.0
12 23 -50.0
13 2 -49.0
13 3 -53.0
13 4 -41.0
13 12 -55.0
13 14 -44.0
13 22 -50.0
13 23 -45.0
13 24 -45.0
14 3 -49.0
14 4 -46.0
14 5 -51.0
14 13 -43.0
14 15 -55.0
14 23 -43.0
14 24 -46.0
14 25 -42.0
15 4 -43.0
15 5 -43.0
15 6 -44.0
15 14 -55.0
15 16 -51.0
15 24 -45.0
15 25 -43.0
15 26 -49.0
16 5 -53.0
16 6 -51.0
16 7 -51.0
16 15 -54.0
16 17 -47.0
16 25 -40.0
16 26 -44.0
16 27 -50.0
17 6 -53.0
17 7 -50.0
17 8 -47.0
17 16 -49.0
17 18 -41.0
17 26 -41.0
17 27 -48.0
17 28 -42.0
18 7 -42.0
18 8 -53.0
18 9 -44.0
18 17 -52.0
18 19 -52.0
18 27 -52.0
18 28 -50.0
18 29 -53.0
19 8 -50.0
19 9 -54.0
19 18 -47.0
19 28 -55.0
19 29 -52.0
20 10 -54.0
20 11 -41.0
20 21 -51.0
20 30 -45.0
20 31 -48.0
21 10 -41.0
21 11 -51.0
21 12 -41.0
21 20 -40.0
21 22 -53.0
21 30 -55.0
21 31 -45.0
21 32 -48.0
22 11 -45.0
22 12 -53.0
22 13 -45.0
22 21 -44.0
22 23 -54.0
22 31 -43.0
22 32 -45.0
22 33 -51.0
23 12 -49.0
23 13 -40.0
23 14 -48.0
23 22 -44.0
23 24 -51.0
23 32 -48.0
23 33 -55.0
23 34 -52.0
24 13 -42.0
24 14 -53.0
24 15 -53.0
24 23 -49.0
24 25 -44.0
24 33 -50.0
24 34 -53.0
24 35 -42.0
25 14 -49.0
25 15 -50.0
25 16 -50.0
25 24 -44.0
25 26 -42.0
25 34 -50.0
25 35 -45.0
25 36 -48.0
26 15 -53.0
26 16 -49.0
26 17 -47.0
26 25 -44.0
26 27 -44.0
26 35 -46.0
26 36 -43.0
26 37 -48.0
27 16 -41.0
27 17 -53.0
27 18 -54.0
27 26 -47.0
27 28 -54.0
27 36 -48.0
27 37 -48.0
27 38 -55.0
28 17 -42.0
28 18 -50.0
28 19 -47.0
28 27 -41.0
28 29 -50.0
28 37 -53.0
28 38 -47.0
28 39 -55.0
29 18 -51.0
29 19 -47.0
29 28 -53.0
29 38 -47.0
29 39 -44.0
30 20 -52.0
30 21 -51.0
30 31 -51.0
30 40 -45.0
30 41 -43.0
31 20 -54.0
31 21 -50.0
31 22 -47.0
31 30 -41.0
31 32 -52.0
31 40 -49.0
31 41 -55.0
31 42 -53.0
32 21 -43.0
32 22 -45.0
32 23 -44.0
32 31 -47.0
32 33 -41.0
32 41 -41.0
32 42 -51.0
32 43 -50.0
33 22 -47.0
33 23 -53.0
33 24 -49.0
33 32 -47.0
33 34 -45.0
33 42 -49.0
33 43 -40.0
33 44 -46.0
34 23 -48.0
34 24 -45.0
34 25 -54.0
34 33 -52.0
34 35 -42.0
34 43 -54.0
34 44 -43.0
34 45 -44.0
35 24 -43.0
35 25 -55.0
35 26 -50.0
35 34 -42.0
35 36 -53.0
35 44 -54.0
35 45 -40.0
35 46 -54.0
36 25 -49.0
36 26 -54.0
36 27 -49.0
36 35 -48.0
36 37 -46.0
36 45 -48.0
36 46 -47.0
36 47 -43.0
37 26 -55.0
37 27 -44.0
37 28 -44.0
37 36 -47.0
37 38 -51.0
37 46 -41.0
37 47 -47.0
37 48 -48.0
38 27 -46.0
38 28 -44.0
38 29 -55.0
38 37 -48.0
38 39 -52.0
38 47 -47.0
38 48 -44.0
38 49 -55.0
39 28 -47.0
39 29 -48.0
39 38 -54.0
39 48 -48.0
39 49 -48.0
40 30 -45.0
40 31 -43.0
40 41 -41.0
40 50 -46.0
40 51 -46.0
41 30 -44.0
41 31 -50.0
41 32 -48.0
41 40 -44.0
41 42 -52.0
41 50 -43.0
41 51 -55.0
41 52 -45.0
42 31 -41.0
42 32 -55.0
42 33 -41.0
42 41 -49.0
42 43 -52.0
42 51 -44.0
42 52 -54.0
42 53 -53.0
43 32 -43.0
43 33 -52.0
43 34 -42.0
43 42 -55.0
43 44 -50.0
43 52 -52.0
43 53 -54.0
43 54 -55.0
44 33 -42.0
44 34 -50.0
44 35 -46.0
44 43 -46.0
44 45 -52.0
44 53 -43.0
44 54 -52.0
44 55 -41.0
45 34 -41.0
45 35 -51.0
45 36 -44.0
45 44 -54.0
45 46 -54.0
45 54 -50.0
45 55 -51.0
45 56 -40.0
46 35 -45.0
46 36 -44.0
46 37 -40.0
46 45 -46.0
46 47 -55.0
46 55 -45.0
46 56 -43.0
46 57 -43.0
47 36 -47.0
47 37 -45.0
47 38 -51.0
47 46 -45.0
47 48 -40.0
47 56 -40.0
47 57 -44.0
47 58 -49.0
48 37 -48.0
48 38 -48.0
48 39 -48.0
48 47 -48.0
48 49 -52.0
48 57 -52.0
48 58 -52.0
48 59 -53.0
49 38 -41.0
49 39 -54.0
49 48 -47.0
49 58 -52.0
49 59 -42.0
50 40 -48.0
50 41 -52.0
50 51 -47.0
50 60 -47.0
50 61 -49.0
51 40 -40.0
51 41 -46.0
51 42 -43.0
51 50 -55.0
51 52 -41.0
51 60 -55.0
51 61 -55.0
51 62 -43.0
52 41 -49.0
52 42 -45.0
52 43 -48.0
52 51 -43.0
52 53 -42.0
52 61 -43.0
52 62 -45.0
52 63 -55.0
53 42 -44.0
53 43 -41.0
53 44 -48.0
53 52 -53.0
53 54 -43.0
53 62 -49.0
53 63 -55.0
53 64 -40.0
54 43 -48.0
54 44 -53.0
54 45 -49.0
54 53 -54.0
54 55 -50.0
54 63 -47.0
54 64 -40.0
54 65 -43.0
55 44 -55.0
55 45 -41.0
55 46 -41.0
55 54 -52.0
55 56 -48.0
55 64 -40.0
55 65 -54.0
55 66 -47.0
56 45 -46.0
56 46 -44.0
56 47 -54.0
56 55 -54.0
56 57 -54.0
56 65 -47.0
56 66 -47.0
56 67 -54.0
57 46 -49.0
57 47 -54.0
57 48 -43.0
57 56 -49.0
57 58 -46.0
57 66 -47.0
57 67 -43.0
57 68 -54.0
58 47 -41.0
58 48 -55.0
58 49 -52.0
58 57 -41.0
58 59 -48.0
58 67 -45.0
58 68 -40.0
58 69 -45.0
59 48 -45.0
59 49 -53.0
59 58 -47.0
59 68 -41.0
59 69 -42.0
60 50 -51.0
60 51 -45.0
60 61 -48.0
60 70 -49.0
60 71 -44.0
61 50 -55.0
61 51 -49.0
61 52 -43.0
61 60 -45.0
61 62 -42.0
61 70 -50.0
61 71 -51.0
61 72 -48.0
62 51 -40.0
62 52 -41.0
62 53 -41.0
62 61 -42.0
62 63 -46.0
62 71 -53.0
62 72 -46.0
62 73 -45.0
63 52 -45.0
63 53 -42.0
63 54 -51.0
63 62 -47.0
63 64 -49.0
63 72 -40.0
63 73 -53.0
63 74 -41.0
64 53 -49.0
64 54 -53.0
64 55 -44.0
64 63 -46.0
64 65 -51.0
64 73 -45.0
64 74 -47.0
64 75 -44.0
65 54 -53.0
65 55 -40.0
65 56 -46.0
65 64 -55.0
65 66 -55.0
65 74 -48.0
65 75 -42.0
65 76 -46.0
66 55 -41.0
66 56 -53.0
66 57 -52.0
66 65 -45.0
66 67 -48.0
66 75 -44.0
66 76 -54.0
66 77 -50.0
67 56 -41.0
67 57 -47.0
67 58 -49.0
67 66 -45.0
67 68 -44.0
67 76 -55.0
67 77 -53.0
67 78 -53.0
68 57 -43.0
68 58 -46.0
68 59 -50.0
68 67 -40.0
68 69 -50.0
68 77 -41.0
68 78 -52.0
68 79 -52.0
69 58 -48.0
69 59 -41.0
69 68 -46.0
69 78 -41.0
69 79 -49.0
70 60 -42.0
70 61 -42.0
70 71 -54.0
70 80 -40.0
70 81 -41.0
71 60 -49.0
71 61 -55.0
71 62 -47.0
71 70 -44.0
71 72 -48.0
71 80 -40.0
71 81 -52.0
71 82 -49.0
72 61 -52.0
72 62 -40.0
72 63 -41.0
72 71 -46.0
72 73 -42.0
72 81 -44.0
72 82 -44.0
72 83 -51.0
73 62 -42.0
73 63 -55.0
73 64 -44.0
73 72 -40.0
73 74 -49.0
73 82 -41.0
73 83 -54.0
73 84 -44.0
74 63 -47.0
74 64 -42.0
74 65 -41.0
74 73 -49.0
74 75 -53.0
74 83 -47.0
74 84 -44.0
74 85 -42.0
75 64 -55.0
75 65 -42.0
75 66 -54.0
75 74 -41.0
75 76 -54.0
75 84 -52.0
75 85 -47.0
75 86 -50.0
76 65 -50.0
76 66 -40.0
76 67 -53.0
76 75 -43.0
76 77 -49.0
76 85 -40.0
76 86 -52.0
76 87 -44.0
77 66 -41.0
77 67 -50.0
77 68 -51.0
77 76 -51.0
77 78 -52.0
77 86 -49.0
77 87 -48.0
77 88 -49.0
78 67 -50.0
78 68 -40.0
78 69 -50.0
78 77 -48.0
78 79 -54.0
78 87 -50.0
78 88 -53.0
78 89 -47.0
79 68 -47.0
79 69 -49.0
79 78 -43.0
79 88 -50.0
79 89 -51.0
80 70 -44.0
80 71 -51.0
80 81 -46.0
80 90 -47.0
80 91 -45.0
81 70 -48.0
81 71 -42.0
81 72 -41.0
81 80 -48.0
81 82 -42.0
81 90 -48.0
81 91 -55.0
81 92 -45.0
82 71 -41.0
82 72 -47.0
82 73 -51.0
82 81 -48.0
82 83 -51.0
82 91 -45.0
82 92 -51.0
82 93 -55.0
83 72 -53.0
83 73 -42.0
83 74 -51.0
83 82 -53.0
83 84 -43.0
83 92 -45.0
83 93 -43.0
83 94 -42.0
84 73 -52.0
84 74 -41.0
84 75 -47.0
84 83 -43.0
84 85 -52.0
84 93 -43.0
84 94 -51.0
84 95 -45.0
85 74 -44.0
85 75 -51.0
85 76 -42.0
85 84 -49.0
85 86 -52.0
85 94 -50.0
85 95 -45.0
85 96 -47.0
86 75 -41.0
86 76 -49.0
86 77 -46.0
86 85 -54.0
86 87 -44.0
86 95 -43.0
86 96 -52.0
86 97 -48.0
87 76 -45.0
87 77 -42.0
87 78 -55.0
87 86 -54.0
87 88 -49.0
87 96 -52.0
87 97 -55.0
87 98 -52.0
88 77 -55.0
88 78 -48.0
88 79 -51.0
88 87 -49.0
88 89 -46.0
88 97 -41.0
88 98 -48.0
88 99 -41.0
89 78 -51.0
89 79 -55.0
89 88 -43.0
89 98 -44.0
89 99 -52.0
90 80 -44.0
90 81 -46.0
90 91 -46.0
91 80 -49.0
91 81 -45.0
91 82 -40.0
91 90 -54.0
91 92 -51.0
92 81 -54.0
92 82 -48.0
92 83 -54.0
92 91 -43.0
92 93 -55.0
93 82 -48.0
93 83 -46.0
93 84 -52.0
93 92 -46.0
93 94 -40.0
94 83 -48.0
94 84 -43.0
94 85 -48.0
94 93 -45.0
94 95 -47.0
95 84 -40.0
95 85 -40.0
95 86 -52.0
95 94 -40.0
95 96 -49.0
96 85 -45.0
96 86 -42.0
96 87 -53.0
96 95 -47.0
96 97 -51.0
97 86 -54.0
97 87 -47.0
97 88 -50.0
97 96 -51.0
97 98 -54.0
98 87 -50.0
98 88 -41.0
98 89 -52.0
98 97 -44.0
98 99 -46.0
99 88 -44.0
99 89 -52.0
99 98 -49.0
