0 1 -48.0
0 5 -45.0
0 6 -40.0
1 0 -41.0
1 2 -42.0
1 5 -46.0
1 6 -50.0
1 7 -49.0
2 1 -46.0
2 3 -42.0
2 6 -49.0
2 7 -44.0
2 8 -50.0
3 2 -46.0
3 4 -42.0
3 7 -51.0
3 8 -44.0
3 9 -54.0
4 3 -52.0
4 8 -48.0
4 9 -52.0
5 0 -41.0
5 1 -46.0
5 6 -53.0
5 10 -49.0
5 11 -53.0
6 0 -45.0
6 1 -51.0
6 2 -40.0
6 5 -41.0
6 7 -43.0
6 10 -46.0
6 11 -41.0
6 12 -51.0
7 1 -53.0
7 2 -43.0
7 3 -47.0
7 6 -46.0
7 8 -44.0
7 11 -41.0
7 12 -53.0
7 13 -42.0
8 2 -41.0
8 3 -55.0
8 4 -45.0
8 7 -42.0
8 9 -53.0
8 12 -49.0
8 13 -55.0
8 14 -55.0
9 3 -41.0
9 4 -52.0
9 8 -47.0
9 13 -47.0
9 14 -49.0
10 5 -53.0
10 6 -52.0
10 11 -54.0
10 15 -52.0
10 16 -51.0
11 5 -53.0
11 6 -50.0
11 7 -47.0
11 10 -41.0
11 12 -52.0
11 15 -43.0
11 16 -46.0
11 17 -54.0
12 6 -51.0
12 7 -54.0
12 8 -52.0
12 11 -49.0
12 13 -52.0
12 16 -48.0
12 17 -49.0
12 18 -45.0
13 7 -41.0
13 8 -47.0
13 9 -45.0
13 12 -55.0
13 14 -47.0
13 17 -48.0
13 18 -41.0
13 19 -53.0
14 8 -51.0
14 9 -44.0
14 13 -43.0
14 18 -43.0
14 19 -46.0
15 10 -48.0
15 11 -50.0
15 16 -55.0
15 20 -48.0
15 21 -44.0
16 10 -45.0
16 11 -49.0
16 12 -40.0
16 15 -43.0
16 17 -40.0
16 20 -44.0
16 21 -43.0
16 22 -40.0
17 11 -51.0
17 12 -42.0
17 13 -41.0
17 16 -43.0
17 18 -41.0
17 21 -43.0
17 22 -51.0
17 23 -41.0
18 12 -52.0
18 13 -50.0
18 14 -44.0
18 17 -51.0
18 19 -47.0
18 22 -45.0
18 23 -48.0
18 24 -42.0
19 13 -41.0
19 14 -54.0
19 18 -45.0
19 23 -48.0
19 24 -54.0
20 15 -43.0
20 16 -43.0
20 21 -54.0
21 15 -43.0
21 16 -41.0
21 17 -45.0
21 20 -52.0
21 22 -54.0
22 16 -47.0
22 17 -53.0
22 18 -41.0
22 21 -53.0
22 23 -52.0
23 17 -41.0
23 18 -50.0
23 19 -42.0
23 22 -51.0
23 24 -46.0
24 18 -46.0
24 19 -55.0
24 23 -40.0
