0 1 -41.0
0 2 -53.0
0 10 -45.0
0 11 -42.0
0 12 -47.0
0 20 -40.0
0 21 -49.0
0 22 -49.0
1 0 -51.0
1 2 -53.0
1 3 -41.0
1 10 -55.0
1 11 -50.0
1 12 -53.0
1 13 -55.0
1 20 -48.0
1 21 -47.0
1 22 -51.0
1 23 -51.0
2 0 -50.0
2 1 -52.0
2 3 -50.0
2 4 -46.0
2 10 -53.0
2 11 -46.0
2 12 -46.0
2 13 -50.0
2 14 -47.0
2 20 -43.0
2 21 -53.0
2 22 -46.0
2 23 -49.0
2 24 -53.0
3 1 -42.0
3 2 -47.0
3 4 -41.0
3 5 -46.0
3 11 -40.0
3 12 -51.0
3 13 -54.0
3 14 -41.0
3 15 -54.0
3 21 -52.0
3 22 -53.0
3 23 -51.0
3 24 -43.0
3 25 -52.0
4 2 -48.0
4 3 -51.0
4 5 -40.0
4 6 -45.0
4 12 -46.0
4 13 -51.0
4 14 -46.0
4 15 -50.0
4 16 -44.0
4 22 -54.0
4 23 -43.0
4 24 -55.0
4 25 -41.0
4 26 -47.0
5 3 -53.0
5 4 -42.0
5 6 -40.0
5 7 -49.0
5 13 -46.0
5 14 -43.0
5 15 -48.0
5 16 -52.0
5 17 -48.0
5 23 -47.0
5 24 -43.0
5 25 -48.0
5 26 -53.0
5 27 -43.0
6 4 -51.0
6 5 -48.0
6 7 -50.0
6 8 -43.0
6 14 -55.0
6 15 -44.0
6 16 -40.0
6 17 -47.0
6 18 -52.0
6 24 -55.0
6 25 -55.0
6 26 -52.0
6 27 -52.0
6 28 -47.0
7 5 -55.0
7 6 -55.0
7 8 -52.0
7 9 -50.0
7 15 -48.0
7 16 -55.0
7 17 -41.0
7 18 -52.0
7 19 -50.0
7 25 -54.0
7 26 -47.0
7 27 -48.0
7 28 -45.0
7 29 -45.0
8 6 -42.0
8 7 -42.0
8 9 -55.0
8 16 -48.0
8 17 -46.0
8 18 -49.0
8 19 -48.0
8 26 -43.0
8 27 -54.0
8 28 -55.0
8 29 -41.0
9 7 -49.0
9 8 -40.0
9 17 -51.0
9 18 -41.0
9 19 -41.0
9 27 -52.0
9 28 -55.0
9 29 -42.0
10 0 -51.0
10 1 -46.0
10 2 -53.0
10 11 -54.0
10 12 -47.0
10 20 -41.0
10 21 -48.0
10 22 -51.0
10 30 -44.0
10 31 -41.0
10 32 -42.0
11 0 -42.0
11 1 -44.0
11 2 -42.0
11 3 -43.0
11 10 -46.0
11 12 -48.0
11 13 -40.0
11 20 -47.0
11 21 -45.0
11 22 -47.0
11 23 -41.0
11 30 -53.0
11 31 -48.0
11 32 -47.0
11 33 -42.0
12 0 -45.0
12 1 -55.0
12 2 -42.0
12 3 -48.0
12 4 -48.0
12 10 -54.0
12 11 -51.0
12 13 -40.0
12 14 -42.0
12 20 -43.0
12 21 -45.0
12 22 -53.0
12 23 -48.0
12 24 -43.0
12 30 -47.0
12 31 -43.0
12 32 -52.0
12 33 -48.0
12 34 -46.0
13 1 -47.0
13 2 -43.0
13 3 -44.0
13 4 -42.0
13 5 -46.0
13 11 -44.0
13 12 -44.0
13 14 -50.0
13 15 -52.0
13 21 -40.0
13 22 -42.0
13 23 -53.0
13 24 -49.0
13 25 -52.0
13 31 -47.0
13 32 -53.0
13 33 -43.0
13 34 -48.0
13 35 -43.0
14 2 -54.0
14 3 -49.0
14 4 -43.0
14 5 -44.0
14 6 -47.0
14 12 -47.0
14 13 -49.0
14 15 -51.0
14 16 -55.0
14 22 -41.0
14 23 -52.0
14 24 -53.0
14 25 -48.0
14 26 -41.0
14 32 -49.0
14 33 -49.0
14 34 -54.0
14 35 -44.0
14 36 -51.0
15 3 -49.0
15 4 -48.0
15 5 -49.0
15 6 -41.0
15 7 -49.0
15 13 -42.0
15 14 -44.0
15 16 -53.0
15 17 -44.0
15 23 -42.0
15 24 -52.0
15 25 -49.0
15 26 -40.0
15 27 -54.0
15 33 -41.0
15 34 -42.0
15 35 -41.0
15 36 -48.0
15 37 -40.0
16 4 -42.0
16 5 -52.0
16 6 -44.0
16 7 -55.0
16 8 -48.0
16 14 -44.0
16 15 -43.0
16 17 -47.0
16 18 -50.0
16 24 -53.0
16 25 -55.0
16 26 -48.0
16 27 -46.0
16 28 -46.0
16 34 -54.0
16 35 -45.0
16 36 -49.0
16 37 -45.0
16 38 -55.0
17 5 -45.0
17 6 -44.0
17 7 -44.0
17 8 -51.0
17 9 -42.0
17 15 -46.0
17 16 -41.0
17 18 -50.0
17 19 -43.0
17 25 -53.0
17 26 -54.0
17 27 -47.0
17 28 -55.0
17 29 -55.0
17 35 -52.0
17 36 -47.0
17 37 -40.0
17 38 -47.0
17 39 -47.0
18 6 -52.0
18 7 -46.0
18 8 -42.0
18 9 -55.0
18 16 -43.0
18 17 -42.0
18 19 -46.0
18 26 -41.0
18 27 -44.0
18 28 -42.0
18 29 -49.0
18 36 -46.0
18 37 -50.0
18 38 -47.0
18 39 -43.0
19 7 -46.0
19 8 -51.0
19 9 -40.0
19 17 -41.0
19 18 -50.0
19 27 -50.0
19 28 -45.0
19 29 -48.0
19 37 -48.0
19 38 -42.0
19 39 -54.0
20 0 -52.0
20 1 -40.0
20 2 -47.0
20 10 -54.0
20 11 -45.0
20 12 -49.0
20 21 -50.0
20 22 -50.0
20 30 -52.0
20 31 -53.0
20 32 -53.0
20 40 -51.0
20 41 -55.0
20 42 -54.0
21 0 -41.0
21 1 -51.0
21 2 -48.0
21 3 -44.0
21 10 -53.0
21 11 -52.0
21 12 -41.0
21 13 -42.0
21 20 -47.0
21 22 -52.0
21 23 -50.0
21 30 -48.0
21 31 -53.0
21 32 -46.0
21 33 -47.0
21 40 -43.0
21 41 -48.0
21 42 -48.0
21 43 -45.0
22 0 -51.0
22 1 -51.0
22 2 -40.0
22 3 -44.0
22 4 -43.0
22 10 -43.0
22 11 -49.0
22 12 -49.0
22 13 -44.0
22 14 -43.0
22 20 -55.0
22 21 -48.0
22 23 -41.0
22 24 -50.0
22 30 -52.0
22 31 -47.0
22 32 -47.0
22 33 -50.0
22 34 -55.0
22 40 -53.0
22 41 -42.0
22 42 -47.0
22 43 -49.0
22 44 -50.0
23 1 -54.0
23 2 -52.0
23 3 -50.0
23 4 -50.0
23 5 -40.0
23 11 -55.0
23 12 -42.0
23 13 -41.0
23 14 -48.0
23 15 -51.0
23 21 -54.0
23 22 -51.0
23 24 -50.0
23 25 -47.0
23 31 -49.0
23 32 -53.0
23 33 -54.0
23 34 -55.0
23 35 -47.0
23 41 -55.0
23 42 -46.0
23 43 -48.0
23 44 -47.0
23 45 -55.0
24 2 -40.0
24 3 -43.0
24 4 -51.0
24 5 -42.0
24 6 -49.0
24 12 -53.0
24 13 -48.0
24 14 -49.0
24 15 -54.0
24 16 -46.0
24 22 -51.0
24 23 -46.0
24 25 -50.0
24 26 -55.0
24 32 -55.0
24 33 -55.0
24 34 -53.0
24 35 -47.0
24 36 -53.0
24 42 -42.0
24 43 -46.0
24 44 -42.0
24 45 -40.0
24 46 -40.0
25 3 -55.0
25 4 -46.0
25 5 -46.0
25 6 -50.0
25 7 -54.0
25 13 -42.0
25 14 -48.0
25 15 -55.0
25 16 -55.0
25 17 -44.0
25 23 -45.0
25 24 -46.0
25 26 -43.0
25 27 -42.0
25 33 -46.0
25 34 -54.0
25 35 -51.0
25 36 -40.0
25 37 -51.0
25 43 -54.0
25 44 -48.0
25 45 -44.0
25 46 -43.0
25 47 -51.0
26 4 -44.0
26 5 -41.0
26 6 -41.0
26 7 -45.0
26 8 -52.0
26 14 -45.0
26 15 -41.0
26 16 -45.0
26 17 -46.0
26 18 -44.0
26 24 -53.0
26 25 -48.0
26 27 -52.0
26 28 -43.0
26 34 -47.0
26 35 -40.0
26 36 -51.0
26 37 -52.0
26 38 -42.0
26 44 -54.0
26 45 -46.0
26 46 -55.0
26 47 -44.0
26 48 -50.0
27 5 -45.0
27 6 -50.0
27 7 -43.0
27 8 -55.0
27 9 -45.0
27 15 -53.0
27 16 -51.0
27 17 -49.0
27 18 -50.0
27 19 -51.0
27 25 -44.0
27 26 -46.0
27 28 -44.0
27 29 -40.0
27 35 -46.0
27 36 -48.0
27 37 -44.0
27 38 -47.0
27 39 -52.0
27 45 -49.0
27 46 -43.0
27 47 -50.0
27 48 -46.0
27 49 -52.0
28 6 -50.0
28 7 -50.0
28 8 -53.0
28 9 -49.0
28 16 -41.0
28 17 -43.0
28 18 -55.0
28 19 -46.0
28 26 -49.0
28 27 -48.0
28 29 -42.0
28 36 -45.0
28 37 -43.0
28 38 -43.0
28 39 -45.0
28 46 -55.0
28 47 -42.0
28 48 -44.0
28 49 -52.0
29 7 -49.0
29 8 -45.0
29 9 -51.0
29 17 -44.0
29 18 -51.0
29 19 -42.0
29 27 -52.0
29 28 -55.0
29 37 -50.0
29 38 -43.0
29 39 -47.0
29 47 -42.0
29 48 -47.0
29 49 -48.0
30 10 -44.0
30 11 -42.0
30 12 -45.0
30 20 -47.0
30 21 -53.0
30 22 -42.0
30 31 -43.0
30 32 -53.0
30 40 -46.0
30 41 -44.0
30 42 -51.0
30 50 -44.0
30 51 -52.0
30 52 -44.0
31 10 -52.0
31 11 -51.0
31 12 -47.0
31 13 -53.0
31 20 -50.0
31 21 -47.0
31 22 -41.0
31 23 -51.0
31 30 -43.0
31 32 -46.0
31 33 -45.0
31 40 -51.0
31 41 -40.0
31 42 -53.0
31 43 -42.0
31 50 -49.0
31 51 -40.0
31 52 -49.0
31 53 -40.0
32 10 -54.0
32 11 -53.0
32 12 -42.0
32 13 -42.0
32 14 -49.0
32 20 -54.0
32 21 -43.0
32 22 -41.0
32 23 -47.0
32 24 -53.0
32 30 -45.0
32 31 -54.0
32 33 -49.0
32 34 -46.0
32 40 -47.0
32 41 -44.0
32 42 -45.0
32 43 -52.0
32 44 -43.0
32 50 -46.0
32 51 -44.0
32 52 -41.0
32 53 -40.0
32 54 -53.0
33 11 -53.0
33 12 -42.0
33 13 -47.0
33 14 -48.0
33 15 -50.0
33 21 -44.0
33 22 -41.0
33 23 -47.0
33 24 -41.0
33 25 -55.0
33 31 -49.0
33 32 -52.0
33 34 -51.0
33 35 -51.0
33 41 -55.0
33 42 -51.0
33 43 -41.0
33 44 -49.0
33 45 -44.0
33 51 -46.0
33 52 -49.0
33 53 -40.0
33 54 -42.0
33 55 -54.0
34 12 -47.0
34 13 -50.0
34 14 -54.0
34 15 -41.0
34 16 -45.0
34 22 -49.0
34 23 -40.0
34 24 -46.0
34 25 -48.0
34 26 -40.0
34 32 -53.0
34 33 -51.0
34 35 -45.0
34 36 -40.0
34 42 -51.0
34 43 -41.0
34 44 -44.0
34 45 -43.0
34 46 -40.0
34 52 -44.0
34 53 -53.0
34 54 -46.0
34 55 -45.0
34 56 -46.0
35 13 -46.0
35 14 -44.0
35 15 -51.0
35 16 -55.0
35 17 -53.0
35 23 -40.0
35 24 -44.0
35 25 -50.0
35 26 -40.0
35 27 -44.0
35 33 -52.0
35 34 -52.0
35 36 -46.0
35 37 -43.0
35 43 -47.0
35 44 -49.0
35 45 -54.0
35 46 -49.0
35 47 -46.0
35 53 -40.0
35 54 -46.0
35 55 -41.0
35 56 -41.0
35 57 -50.0
36 14 -53.0
36 15 -54.0
36 16 -48.0
36 17 -41.0
36 18 -42.0
36 24 -49.0
36 25 -46.0
36 26 -45.0
36 27 -52.0
36 28 -53.0
36 34 -44.0
36 35 -41.0
36 37 -43.0
36 38 -44.0
36 44 -46.0
36 45 -43.0
36 46 -54.0
36 47 -42.0
36 48 -55.0
36 54 -40.0
36 55 -46.0
36 56 -54.0
36 57 -48.0
36 58 -48.0
37 15 -51.0
37 16 -47.0
37 17 -50.0
37 18 -55.0
37 19 -55.0
37 25 -54.0
37 26 -52.0
37 27 -45.0
37 28 -42.0
37 29 -53.0
37 35 -41.0
37 36 -46.0
37 38 -47.0
37 39 -52.0
37 45 -55.0
37 46 -52.0
37 47 -46.0
37 48 -52.0
37 49 -55.0
37 55 -49.0
37 56 -48.0
37 57 -55.0
37 58 -54.0
37 59 -53.0
38 16 -43.0
38 17 -47.0
38 18 -48.0
38 19 -49.0
38 26 -45.0
38 27 -51.0
38 28 -50.0
38 29 -45.0
38 36 -52.0
38 37 -55.0
38 39 -55.0
38 46 -54.0
38 47 -42.0
38 48 -54.0
38 49 -47.0
38 56 -53.0
38 57 -50.0
38 58 -55.0
38 59 -42.0
39 17 -47.0
39 18 -53.0
39 19 -47.0
39 27 -41.0
39 28 -43.0
39 29 -49.0
39 37 -46.0
39 38 -44.0
39 47 -53.0
39 48 -43.0
39 49 -47.0
39 57 -47.0
39 58 -54.0
39 59 -53.0
40 20 -50.0
40 21 -54.0
40 22 -40.0
40 30 -54.0
40 31 -44.0
40 32 -48.0
40 41 -51.0
40 42 -40.0
40 50 -42.0
40 51 -40.0
40 52 -48.0
40 60 -49.0
40 61 -55.0
40 62 -54.0
41 20 -45.0
41 21 -48.0
41 22 -54.0
41 23 -40.0
41 30 -51.0
41 31 -44.0
41 32 -46.0
41 33 -47.0
41 40 -44.0
41 42 -45.0
41 43 -48.0
41 50 -44.0
41 51 -53.0
41 52 -43.0
41 53 -54.0
41 60 -41.0
41 61 -51.0
41 62 -45.0
41 63 -51.0
42 20 -45.0
42 21 -44.0
42 22 -51.0
42 23 -43.0
42 24 -43.0
42 30 -55.0
42 31 -40.0
42 32 -43.0
42 33 -52.0
42 34 -52.0
42 40 -54.0
42 41 -51.0
42 43 -44.0
42 44 -52.0
42 50 -40.0
42 51 -45.0
42 52 -50.0
42 53 -44.0
42 54 -44.0
42 60 -50.0
42 61 -54.0
42 62 -46.0
42 63 -47.0
42 64 -48.0
43 21 -40.0
43 22 -55.0
43 23 -54.0
43 24 -45.0
43 25 -46.0
43 31 -40.0
43 32 -46.0
43 33 -54.0
43 34 -42.0
43 35 -52.0
43 41 -48.0
43 42 -47.0
43 44 -45.0
43 45 -49.0
43 51 -51.0
43 52 -42.0
43 53 -42.0
43 54 -40.0
43 55 -52.0
43 61 -44.0
43 62 -51.0
43 63 -49.0
43 64 -42.0
43 65 -49.0
44 22 -40.0
44 23 -52.0
44 24 -54.0
44 25 -49.0
44 26 -46.0
44 32 -40.0
44 33 -42.0
44 34 -44.0
44 35 -55.0
44 36 -46.0
44 42 -46.0
44 43 -45.0
44 45 -50.0
44 46 -44.0
44 52 -44.0
44 53 -47.0
44 54 -51.0
44 55 -45.0
44 56 -46.0
44 62 -41.0
44 63 -46.0
44 64 -40.0
44 65 -42.0
44 66 -49.0
45 23 -49.0
45 24 -47.0
45 25 -50.0
45 26 -53.0
45 27 -55.0
45 33 -44.0
45 34 -48.0
45 35 -52.0
45 36 -50.0
45 37 -46.0
45 43 -43.0
45 44 -51.0
45 46 -51.0
45 47 -49.0
45 53 -55.0
45 54 -42.0
45 55 -55.0
45 56 -43.0
45 57 -41.0
45 63 -40.0
45 64 -40.0
45 65 -46.0
45 66 -41.0
45 67 -40.0
46 24 -48.0
46 25 -53.0
46 26 -50.0
46 27 -51.0
46 28 -44.0
46 34 -45.0
46 35 -46.0
46 36 -54.0
46 37 -46.0
46 38 -41.0
46 44 -51.0
46 45 -48.0
46 47 -51.0
46 48 -49.0
46 54 -54.0
46 55 -54.0
46 56 -52.0
46 57 -49.0
46 58 -46.0
46 64 -42.0
46 65 -40.0
46 66 -41.0
46 67 -41.0
46 68 -51.0
47 25 -44.0
47 26 -41.0
47 27 -45.0
47 28 -54.0
47 29 -40.0
47 35 -44.0
47 36 -43.0
47 37 -48.0
47 38 -54.0
47 39 -49.0
47 45 -43.0
47 46 -41.0
47 48 -41.0
47 49 -42.0
47 55 -55.0
47 56 -55.0
47 57 -49.0
47 58 -48.0
47 59 -40.0
47 65 -45.0
47 66 -40.0
47 67 -49.0
47 68 -43.0
47 69 -49.0
48 26 -43.0
48 27 -52.0
48 28 -41.0
48 29 -41.0
48 36 -45.0
48 37 -55.0
48 38 -48.0
48 39 -41.0
48 46 -54.0
48 47 -45.0
48 49 -45.0
48 56 -50.0
48 57 -48.0
48 58 -50.0
48 59 -53.0
48 66 -52.0
48 67 -47.0
48 68 -52.0
48 69 -49.0
49 27 -55.0
49 28 -44.0
49 29 -50.0
49 37 -55.0
49 38 -53.0
49 39 -49.0
49 47 -49.0
49 48 -46.0
49 57 -40.0
49 58 -51.0
49 59 -45.0
49 67 -43.0
49 68 -43.0
49 69 -49.0
50 30 -48.0
50 31 -41.0
50 32 -41.0
50 40 -42.0
50 41 -52.0
50 42 -55.0
50 51 -48.0
50 52 -44.0
50 60 -54.0
50 61 -43.0
50 62 -51.0
50 70 -41.0
50 71 -55.0
50 72 -40.0
51 30 -43.0
51 31 -40.0
51 32 -52.0
51 33 -44.0
51 40 -41.0
51 41 -52.0
51 42 -51.0
51 43 -51.0
51 50 -43.0
51 52 -49.0
51 53 -54.0
51 60 -44.0
51 61 -40.0
51 62 -49.0
51 63 -44.0
51 70 -44.0
51 71 -49.0
51 72 -53.0
51 73 -48.0
52 30 -51.0
52 31 -40.0
52 32 -44.0
52 33 -49.0
52 34 -51.0
52 40 -55.0
52 41 -45.0
52 42 -42.0
52 43 -46.0
52 44 -44.0
52 50 -53.0
52 51 -48.0
52 53 -40.0
52 54 -55.0
52 60 -44.0
52 61 -54.0
52 62 -51.0
52 63 -53.0
52 64 -40.0
52 70 -54.0
52 71 -55.0
52 72 -54.0
52 73 -50.0
52 74 -51.0
53 31 -54.0
53 32 -50.0
53 33 -52.0
53 34 -44.0
53 35 -52.0
53 41 -52.0
53 42 -44.0
53 43 -41.0
53 44 -50.0
53 45 -53.0
53 51 -53.0
53 52 -45.0
53 54 -45.0
53 55 -53.0
53 61 -50.0
53 62 -48.0
53 63 -41.0
53 64 -50.0
53 65 -52.0
53 71 -43.0
53 72 -42.0
53 73 -51.0
53 74 -53.0
53 75 -43.0
54 32 -51.0
54 33 -54.0
54 34 -43.0
54 35 -55.0
54 36 -44.0
54 42 -44.0
54 43 -44.0
54 44 -47.0
54 45 -54.0
54 46 -41.0
54 52 -49.0
54 53 -51.0
54 55 -42.0
54 56 -46.0
54 62 -46.0
54 63 -42.0
54 64 -40.0
54 65 -40.0
54 66 -48.0
54 72 -51.0
54 73 -40.0
54 74 -43.0
54 75 -47.0
54 76 -51.0
55 33 -55.0
55 34 -48.0
55 35 -51.0
55 36 -43.0
55 37 -46.0
55 43 -53.0
55 44 -41.0
55 45 -50.0
55 46 -41.0
55 47 -47.0
55 53 -53.0
55 54 -52.0
55 56 -45.0
55 57 -42.0
55 63 -51.0
55 64 -53.0
55 65 -53.0
55 66 -55.0
55 67 -48.0
55 73 -43.0
55 74 -45.0
55 75 -54.0
55 76 -41.0
55 77 -43.0
56 34 -45.0
56 35 -44.0
56 36 -45.0
56 37 -46.0
56 38 -50.0
56 44 -50.0
56 45 -40.0
56 46 -46.0
56 47 -46.0
56 48 -47.0
56 54 -45.0
56 55 -48.0
56 57 -48.0
56 58 -44.0
56 64 -49.0
56 65 -47.0
56 66 -52.0
56 67 -48.0
56 68 -49.0
56 74 -52.0
56 75 -42.0
56 76 -48.0
56 77 -52.0
56 78 -49.0
57 35 -42.0
57 36 -55.0
57 37 -53.0
57 38 -46.0
57 39 -41.0
57 45 -40.0
57 46 -48.0
57 47 -48.0
57 48 -44.0
57 49 -50.0
57 55 -46.0
57 56 -49.0
57 58 -44.0
57 59 -51.0
57 65 -44.0
57 66 -55.0
57 67 -41.0
57 68 -40.0
57 69 -46.0
57 75 -42.0
57 76 -51.0
57 77 -53.0
57 78 -50.0
57 79 -50.0
58 36 -43.0
58 37 -45.0
58 38 -43.0
58 39 -42.0
58 46 -55.0
58 47 -54.0
58 48 -50.0
58 49 -40.0
58 56 -53.0
58 57 -54.0
58 59 -50.0
58 66 -46.0
58 67 -41.0
58 68 -41.0
58 69 -42.0
58 76 -45.0
58 77 -45.0
58 78 -54.0
58 79 -54.0
59 37 -42.0
59 38 -51.0
59 39 -51.0
59 47 -51.0
59 48 -54.0
59 49 -47.0
59 57 -47.0
59 58 -53.0
59 67 -53.0
59 68 -44.0
59 69 -51.0
59 77 -41.0
59 78 -54.0
59 79 -55.0
60 40 -40.0
60 41 -48.0
60 42 -41.0
60 50 -55.0
60 51 -51.0
60 52 -49.0
60 61 -51.0
60 62 -55.0
60 70 -41.0
60 71 -54.0
60 72 -55.0
60 80 -50.0
60 81 -41.0
60 82 -53.0
61 40 -46.0
61 41 -51.0
61 42 -46.0
61 43 -51.0
61 50 -49.0
61 51 -46.0
61 52 -46.0
61 53 -52.0
61 60 -54.0
61 62 -43.0
61 63 -42.0
61 70 -48.0
61 71 -54.0
61 72 -50.0
61 73 -42.0
61 80 -55.0
61 81 -47.0
61 82 -49.0
61 83 -43.0
62 40 -47.0
62 41 -53.0
62 42 -51.0
62 43 -41.0
62 44 -52.0
62 50 -49.0
62 51 -45.0
62 52 -53.0
62 53 -47.0
62 54 -43.0
62 60 -48.0
62 61 -40.0
62 63 -54.0
62 64 -48.0
62 70 -42.0
62 71 -44.0
62 72 -55.0
62 73 -45.0
62 74 -51.0
62 80 -44.0
62 81 -42.0
62 82 -47.0
62 83 -52.0
62 84 -46.0
63 41 -55.0
63 42 -49.0
63 43 -53.0
63 44 -49.0
63 45 -44.0
63 51 -52.0
63 52 -52.0
63 53 -46.0
63 54 -46.0
63 55 -45.0
63 61 -51.0
63 62 -54.0
63 64 -49.0
63 65 -54.0
63 71 -48.0
63 72 -55.0
63 73 -50.0
63 74 -46.0
63 75 -48.0
63 81 -50.0
63 82 -51.0
63 83 -40.0
63 84 -43.0
63 85 -47.0
64 42 -44.0
64 43 -52.0
64 44 -45.0
64 45 -47.0
64 46 -45.0
64 52 -52.0
64 53 -44.0
64 54 -45.0
64 55 -48.0
64 56 -51.0
64 62 -53.0
64 63 -41.0
64 65 -45.0
64 66 -50.0
64 72 -54.0
64 73 -55.0
64 74 -45.0
64 75 -44.0
64 76 -40.0
64 82 -40.0
64 83 -44.0
64 84 -49.0
64 85 -54.0
64 86 -46.0
65 43 -44.0
65 44 -50.0
65 45 -52.0
65 46 -47.0
65 47 -44.0
65 53 -54.0
65 54 -54.0
65 55 -42.0
65 56 -55.0
65 57 -54.0
65 63 -44.0
65 64 -52.0
65 66 -50.0
65 67 -47.0
65 73 -51.0
65 74 -44.0
65 75 -50.0
65 76 -44.0
65 77 -44.0
65 83 -45.0
65 84 -43.0
65 85 -52.0
65 86 -47.0
65 87 -51.0
66 44 -42.0
66 45 -48.0
66 46 -52.0
66 47 -41.0
66 48 -47.0
66 54 -40.0
66 55 -54.0
66 56 -43.0
66 57 -50.0
66 58 -45.0
66 64 -41.0
66 65 -55.0
66 67 -48.0
66 68 -41.0
66 74 -47.0
66 75 -44.0
66 76 -51.0
66 77 -40.0
66 78 -51.0
66 84 -43.0
66 85 -49.0
66 86 -55.0
66 87 -40.0
66 88 -43.0
67 45 -55.0
67 46 -48.0
67 47 -44.0
67 48 -51.0
67 49 -52.0
67 55 -40.0
67 56 -53.0
67 57 -45.0
67 58 -48.0
67 59 -55.0
67 65 -51.0
67 66 -54.0
67 68 -47.0
67 69 -41.0
67 75 -51.0
67 76 -54.0
67 77 -43.0
67 78 -43.0
67 79 -51.0
67 85 -41.0
67 86 -42.0
67 87 -49.0
67 88 -55.0
67 89 -49.0
68 46 -51.0
68 47 -46.0
68 48 -45.0
68 49 -52.0
68 56 -53.0
68 57 -44.0
68 58 -55.0
68 59 -44.0
68 66 -53.0
68 67 -55.0
68 69 -52.0
68 76 -44.0
68 77 -41.0
68 78 -55.0
68 79 -52.0
68 86 -44.0
68 87 -46.0
68 88 -53.0
68 89 -50.0
69 47 -44.0
69 48 -52.0
69 49 -48.0
69 57 -40.0
69 58 -52.0
69 59 -40.0
69 67 -47.0
69 68 -49.0
69 77 -50.0
69 78 -41.0
69 79 -43.0
69 87 -52.0
69 88 -49.0
69 89 -53.0
70 50 -53.0
70 51 -41.0
70 52 -40.0
70 60 -53.0
70 61 -49.0
70 62 -46.0
70 71 -55.0
70 72 -44.0
70 80 -53.0
70 81 -51.0
70 82 -44.0
70 90 -48.0
70 91 -49.0
70 92 -49.0
71 50 -55.0
71 51 -42.0
71 52 -49.0
71 53 -46.0
71 60 -50.0
71 61 -51.0
71 62 -45.0
71 63 -51.0
71 70 -40.0
71 72 -43.0
71 73 -40.0
71 80 -41.0
71 81 -45.0
71 82 -44.0
71 83 -45.0
71 90 -50.0
71 91 -51.0
71 92 -42.0
71 93 -48.0
72 50 -55.0
72 51 -44.0
72 52 -52.0
72 53 -45.0
72 54 -55.0
72 60 -51.0
72 61 -51.0
72 62 -42.0
72 63 -44.0
72 64 -40.0
72 70 -51.0
72 71 -44.0
72 73 -41.0
72 74 -41.0
72 80 -48.0
72 81 -51.0
72 82 -55.0
72 83 -48.0
72 84 -50.0
72 90 -44.0
72 91 -45.0
72 92 -42.0
72 93 -55.0
72 94 -49.0
73 51 -43.0
73 52 -44.0
73 53 -41.0
73 54 -43.0
73 55 -41.0
73 61 -41.0
73 62 -43.0
73 63 -48.0
73 64 -53.0
73 65 -41.0
73 71 -48.0
73 72 -48.0
73 74 -44.0
73 75 -45.0
73 81 -42.0
73 82 -46.0
73 83 -50.0
73 84 -44.0
73 85 -42.0
73 91 -45.0
73 92 -50.0
73 93 -46.0
73 94 -48.0
73 95 -53.0
74 52 -49.0
74 53 -41.0
74 54 -52.0
74 55 -48.0
74 56 -48.0
74 62 -40.0
74 63 -50.0
74 64 -45.0
74 65 -47.0
74 66 -43.0
74 72 -54.0
74 73 -44.0
74 75 -53.0
74 76 -45.0
74 82 -53.0
74 83 -49.0
74 84 -47.0
74 85 -47.0
74 86 -49.0
74 92 -51.0
74 93 -43.0
74 94 -41.0
74 95 -54.0
74 96 -52.0
75 53 -51.0
75 54 -41.0
75 55 -55.0
75 56 -45.0
75 57 -53.0
75 63 -51.0
75 64 -47.0
75 65 -40.0
75 66 -55.0
75 67 -40.0
75 73 -50.0
75 74 -43.0
75 76 -52.0
75 77 -43.0
75 83 -50.0
75 84 -44.0
75 85 -46.0
75 86 -46.0
75 87 -41.0
75 93 -53.0
75 94 -49.0
75 95 -47.0
75 96 -52.0
75 97 -50.0
76 54 -51.0
76 55 -55.0
76 56 -43.0
76 57 -53.0
76 58 -53.0
76 64 -48.0
76 65 -43.0
76 66 -46.0
76 67 -40.0
76 68 -50.0
76 74 -46.0
76 75 -54.0
76 77 -55.0
76 78 -40.0
76 84 -41.0
76 85 -54.0
76 86 -55.0
76 87 -50.0
76 88 -54.0
76 94 -41.0
76 95 -50.0
76 96 -46.0
76 97 -54.0
76 98 -41.0
77 55 -54.0
77 56 -55.0
77 57 -47.0
77 58 -53.0
77 59 -40.0
77 65 -41.0
77 66 -51.0
77 67 -52.0
77 68 -55.0
77 69 -50.0
77 75 -54.0
77 76 -45.0
77 78 -54.0
77 79 -45.0
77 85 -44.0
77 86 -45.0
77 87 -45.0
77 88 -48.0
77 89 -50.0
77 95 -44.0
77 96 -47.0
77 97 -51.0
77 98 -40.0
77 99 -52.0
78 56 -42.0
78 57 -53.0
78 58 -40.0
78 59 -43.0
78 66 -52.0
78 67 -40.0
78 68 -46.0
78 69 -44.0
78 76 -49.0
78 77 -40.0
78 79 -53.0
78 86 -48.0
78 87 -52.0
78 88 -53.0
78 89 -51.0
78 96 -41.0
78 97 -41.0
78 98 -54.0
78 99 -50.0
79 57 -47.0
79 58 -43.0
79 59 -48.0
79 67 -43.0
79 68 -52.0
79 69 -49.0
79 77 -51.0
79 78 -51.0
79 87 -50.0
79 88 -46.0
79 89 -53.0
79 97 -46.0
79 98 -52.0
79 99 -54.0
80 60 -41.0
80 61 -48.0
80 62 -40.0
80 70 -42.0
80 71 -54.0
80 72 -40.0
80 81 -44.0
80 82 -51.0
80 90 -47.0
80 91 -44.0
80 92 -44.0
81 60 -47.0
81 61 -50.0
81 62 -45.0
81 63 -51.0
81 70 -51.0
81 71 -45.0
81 72 -50.0
81 73 -49.0
81 80 -53.0
81 82 -44.0
81 83 -46.0
81 90 -51.0
81 91 -50.0
81 92 -55.0
81 93 -44.0
82 60 -46.0
82 61 -42.0
82 62 -43.0
82 63 -46.0
82 64 -48.0
82 70 -41.0
82 71 -51.0
82 72 -46.0
82 73 -46.0
82 74 -48.0
82 80 -53.0
82 81 -49.0
82 83 -49.0
82 84 -50.0
82 90 -44.0
82 91 -46.0
82 92 -51.0
82 93 -51.0
82 94 -45.0
83 61 -54.0
83 62 -42.0
83 63 -49.0
83 64 -43.0
83 65 -40.0
83 71 -48.0
83 72 -42.0
83 73 -41.0
83 74 -45.0
83 75 -44.0
83 81 -46.0
83 82 -51.0
83 84 -52.0
83 85 -45.0
83 91 -54.0
83 92 -45.0
83 93 -48.0
83 94 -42.0
83 95 -41.0
84 62 -55.0
84 63 -40.0
84 64 -55.0
84 65 -40.0
84 66 -48.0
84 72 -51.0
84 73 -42.0
84 74 -50.0
84 75 -55.0
84 76 -40.0
84 82 -43.0
84 83 -41.0
84 85 -42.0
84 86 -50.0
84 92 -44.0
84 93 -55.0
84 94 -55.0
84 95 -48.0
84 96 -41.0
85 63 -55.0
85 64 -51.0
85 65 -45.0
85 66 -40.0
85 67 -41.0
85 73 -55.0
85 74 -40.0
85 75 -52.0
85 76 -55.0
85 77 -53.0
85 83 -55.0
85 84 -45.0
85 86 -47.0
85 87 -48.0
85 93 -47.0
85 94 -49.0
85 95 -43.0
85 96 -43.0
85 97 -55.0
86 64 -49.0
86 65 -44.0
86 66 -40.0
86 67 -42.0
86 68 -49.0
86 74 -42.0
86 75 -42.0
86 76 -55.0
86 77 -44.0
86 78 -42.0
86 84 -55.0
86 85 -43.0
86 87 -55.0
86 88 -53.0
86 94 -51.0
86 95 -45.0
86 96 -41.0
86 97 -54.0
86 98 -54.0
87 65 -50.0
87 66 -49.0
87 67 -47.0
87 68 -46.0
87 69 -40.0
87 75 -53.0
87 76 -55.0
87 77 -53.0
87 78 -53.0
87 79 -42.0
87 85 -41.0
87 86 -48.0
87 88 -54.0
87 89 -54.0
87 95 -44.0
87 96 -46.0
87 97 -41.0
87 98 -41.0
87 99 -50.0
88 66 -41.0
88 67 -50.0
88 68 -46.0
88 69 -48.0
88 76 -51.0
88 77 -43.0
88 78 -47.0
88 79 -43.0
88 86 -46.0
88 87 -40.0
88 89 -42.0
88 96 -53.0
88 97 -46.0
88 98 -54.0
88 99 -45.0
89 67 -49.0
89 68 -40.0
89 69 -52.0
89 77 -51.0
89 78 -52.0
89 79 -45.0
89 87 -53.0
89 88 -54.0
89 97 -44.0
89 98 -55.0
89 99 -50.0
90 70 -45.0
90 71 -55.0
90 72 -45.0
90 80 -51.0
90 81 -40.0
90 82 -51.0
90 91 -52.0
90 92 -46.0
91 70 -44.0
91 71 -40.0
91 72 -46.0
91 73 -53.0
91 80 -41.0
91 81 -43.0
91 82 -47.0
91 83 -41.0
91 90 -43.0
91 92 -49.0
91 93 -49.0
92 70 -48.0
92 71 -44.0
92 72 -47.0
92 73 -49.0
92 74 -47.0
92 80 -47.0
92 81 -42.0
92 82 -52.0
92 83 -42.0
92 84 -50.0
92 90 -43.0
92 91 -44.0
92 93 -55.0
92 94 -50.0
93 71 -52.0
93 72 -43.0
93 73 -48.0
93 74 -53.0
93 75 -44.0
93 81 -46.0
93 82 -55.0
93 83 -53.0
93 84 -40.0
93 85 -42.0
93 91 -43.0
93 92 -41.0
93 94 -51.0
93 95 -51.0
94 72 -44.0
94 73 -43.0
94 74 -49.0
94 75 -49.0
94 76 -42.0
94 82 -50.0
94 83 -43.0
94 84 -54.0
94 85 -50.0
94 86 -50.0
94 92 -54.0
94 93 -54.0
94 95 -45.0
94 96 -50.0
95 73 -46.0
95 74 -53.0
95 75 -43.0
95 76 -47.0
95 77 -55.0
95 83 -46.0
95 84 -55.0
95 85 -41.0
95 86 -40.0
95 87 -41.0
95 93 -45.0
95 94 -50.0
95 96 -51.0
95 97 -48.0
96 74 -48.0
96 75 -51.0
96 76 -49.0
96 77 -40.0
96 78 -50.0
96 84 -47.0
96 85 -53.0
96 86 -48.0
96 87 -40.0
96 88 -55.0
96 94 -55.0
96 95 -48.0
96 97 -49.0
96 98 -48.0
97 75 -44.0
97 76 -49.0
97 77 -52.0
97 78 -53.0
97 79 -53.0
97 85 -54.0
97 86 -44.0
97 87 -55.0
97 88 -51.0
97 89 -46.0
97 95 -50.0
97 96 -42.0
97 98 -41.0
97 99 -55.0
98 76 -46.0
98 77 -42.0
98 78 -54.0
98 79 -40.0
98 86 -55.0
98 87 -45.0
98 88 -45.0
98 89 -50.0
98 96 -48.0
98 97 -41.0
98 99 -45.0
99 77 -43.0
99 78 -47.0
99 79 -44.0
99 87 -55.0
99 88 -55.0
99 89 -48.0
99 97 -41.0
99 98 -54.0
