0 1 -55.0
0 2 -43.0
0 10 -54.0
0 11 -53.0
0 12 -50.0
0 20 -43.0
0 21 -44.0
1 0 -42.0
1 2 -48.0
1 3 -40.0
1 10 -47.0
1 11 -52.0
1 12 -47.0
1 13 -55.0
1 20 -54.0
1 21 -46.0
1 22 -44.0
2 0 -46.0
2 1 -47.0
2 3 -44.0
2 4 -43.0
2 10 -41.0
2 11 -48.0
2 12 -53.0
2 13 -45.0
2 14 -44.0
2 21 -51.0
2 22 -51.0
2 23 -52.0
3 1 -53.0
3 2 -50.0
3 4 -46.0
3 5 -53.0
3 11 -41.0
3 12 -40.0
3 13 -50.0
3 14 -40.0
3 15 -54.0
3 22 -53.0
3 23 -47.0
3 24 -43.0
4 2 -55.0
4 3 -54.0
4 5 -52.0
4 6 -54.0
4 12 -40.0
4 13 -54.0
4 14 -55.0
4 15 -46.0
4 16 -47.0
4 23 -41.0
4 24 -51.0
4 25 -55.0
5 3 -43.0
5 4 -44.0
5 6 -50.0
5 7 -52.0
5 13 -45.0
5 14 -40.0
5 15 -42.0
5 16 -53.0
5 17 -49.0
5 24 -53.0
5 25 -40.0
5 26 -54.0
6 4 -41.0
6 5 -48.0
6 7 -48.0
6 8 -53.0
6 14 -50.0
6 15 -41.0
6 16 -48.0
6 17 -43.0
6 18 -46.0
6 25 -41.0
6 26 -46.0
6 27 -51.0
7 5 -41.0
7 6 -44.0
7 8 -46.0
7 9 -49.0
7 15 -44.0
7 16 -53.0
7 17 -49.0
7 18 -43.0
7 19 -42.0
7 26 -51.0
7 27 -54.0
7 28 -51.0
8 6 -40.0
8 7 -40.0
8 9 -43.0
8 16 -46.0
8 17 -51.0
8 18 -41.0
8 19 -45.0
8 27 -49.0
8 28 -45.0
8 29 -45.0
9 7 -50.0
9 8 -49.0
9 17 -51.0
9 18 -44.0
9 19 -49.0
9 28 -40.0
9 29 -43.0
10 0 -51.0
10 1 -47.0
10 2 -45.0
10 11 -54.0
10 12 -43.0
10 20 -46.0
10 21 -51.0
10 22 -41.0
10 30 -42.0
10 31 -41.0
11 0 -42.0
11 1 -51.0
11 2 -55.0
11 3 -40.0
11 10 -49.0
11 12 -48.0
11 13 -40.0
11 20 -41.0
11 21 -54.0
11 22 -42.0
11 23 -47.0
11 30 -54.0
11 31 -44.0
11 32 -50.0
12 0 -55.0
12 1 -52.0
12 2 -53.0
12 3 -51.0
12 4 -43.0
12 10 -49.0
12 11 -40.0
12 13 -53.0
12 14 -43.0
12 20 -52.0
12 21 -41.0
12 22 -44.0
12 23 -46.0
12 24 -46.0
12 31 -41.0
12 32 -48.0
12 33 -47.0
13 1 -45.0
13 2 -54.0
13 3 -42.0
13 4 -40.0
13 5 -54.0
13 11 -46.0
13 12 -49.0
13 14 -44.0
13 15 -54.0
13 21 -40.0
13 22 -43.0
13 23 -51.0
13 24 -52.0
13 25 -49.0
13 32 -44.0
13 33 -54.0
13 34 -50.0
14 2 -52.0
14 3 -53.0
14 4 -47.0
14 5 -45.0
14 6 -49.0
14 12 -47.0
14 13 -46.0
14 15 -41.0
14 16 -50.0
14 22 -54.0
14 23 -52.0
14 24 -40.0
14 25 -50.0
14 26 -44.0
14 33 -50.0
14 34 -50.0
14 35 -45.0
15 3 -49.0
15 4 -53.0
15 5 -40.0
15 6 -53.0
15 7 -47.0
15 13 -41.0
15 14 -51.0
15 16 -48.0
15 17 -52.0
15 23 -47.0
15 24 -53.0
15 25 -55.0
15 26 -49.0
15 27 -41.0
15 34 -55.0
15 35 -40.0
15 36 -49.0
16 4 -51.0
16 5 -49.0
16 6 -53.0
16 7 -50.0
16 8 -54.0
16 14 -40.0
16 15 -43.0
16 17 -40.0
16 18 -45.0
16 24 -55.0
16 25 -43.0
16 26 -48.0
16 27 -49.0
16 28 -41.0
16 35 -55.0
16 36 -51.0
16 37 -42.0
17 5 -42.0
17 6 -45.0
17 7 -40.0
17 8 -41.0
17 9 -41.0
17 15 -40.0
17 16 -55.0
17 18 -54.0
17 19 -43.0
17 25 -55.0
17 26 -41.0
17 27 -54.0
17 28 -52.0
17 29 -40.0
17 36 -52.0
17 37 -42.0
17 38 -52.0
18 6 -47.0
18 7 -43.0
18 8 -50.0
18 9 -52.0
18 16 -49.0
18 17 -43.0
18 19 -46.0
18 26 -43.0
18 27 -54.0
18 28 -47.0
18 29 -54.0
18 37 -42.0
18 38 -45.0
18 39 -51.0
19 7 -50.0
19 8 -43.0
19 9 -55.0
19 17 -50.0
19 18 -49.0
19 27 -55.0
19 28 -53.0
19 29 -53.0
19 38 -44.0
19 39 -50.0
20 0 -48.0
20 1 -48.0
20 10 -44.0
20 11 -42.0
20 12 -54.0
20 21 -54.0
20 22 -47.0
20 30 -42.0
20 31 -51.0
20 32 -49.0
20 40 -47.0
20 41 -50.0
21 0 -53.0
21 1 -47.0
21 2 -44.0
21 10 -55.0
21 11 -47.0
21 12 -43.0
21 13 -50.0
21 20 -41.0
21 22 -48.0
21 23 -55.0
21 30 -49.0
21 31 -53.0
21 32 -50.0
21 33 -45.0
21 40 -40.0
21 41 -48.0
21 42 -41.0
22 1 -53.0
22 2 -47.0
22 3 -54.0
22 10 -45.0
22 11 -50.0
22 12 -45.0
22 13 -47.0
22 14 -52.0
22 20 -49.0
22 21 -46.0
22 23 -43.0
22 24 -43.0
22 30 -42.0
22 31 -52.0
22 32 -48.0
22 33 -52.0
22 34 -45.0
22 41 -41.0
22 42 -46.0
22 43 -49.0
23 2 -55.0
23 3 -43.0
23 4 -55.0
23 11 -52.0
23 12 -41.0
23 13 -51.0
23 14 -43.0
23 15 -51.0
23 21 -46.0
23 22 -44.0
23 24 -54.0
23 25 -54.0
23 31 -45.0
23 32 -43.0
23 33 -51.0
23 34 -50.0
23 35 -50.0
23 42 -40.0
23 43 -48.0
23 44 -44.0
24 3 -44.0
24 4 -40.0
24 5 -50.0
24 12 -45.0
24 13 -53.0
24 14 -50.0
24 15 -44.0
24 16 -44.0
24 22 -49.0
24 23 -53.0
24 25 -46.0
24 26 -46.0
24 32 -44.0
24 33 -42.0
24 34 -40.0
24 35 -48.0
24 36 -43.0
24 43 -42.0
24 44 -41.0
24 45 -51.0
25 4 -54.0
25 5 -47.0
25 6 -48.0
25 13 -41.0
25 14 -42.0
25 15 -40.0
25 16 -55.0
25 17 -51.0
25 23 -41.0
25 24 -49.0
25 26 -51.0
25 27 -42.0
25 33 -45.0
25 34 -48.0
25 35 -46.0
25 36 -49.0
25 37 -40.0
25 44 -41.0
25 45 -45.0
25 46 -42.0
26 5 -42.0
26 6 -53.0
26 7 -44.0
26 14 -46.0
26 15 -41.0
26 16 -40.0
26 17 -49.0
26 18 -52.0
26 24 -43.0
26 25 -48.0
26 27 -41.0
26 28 -54.0
26 34 -40.0
26 35 -48.0
26 36 -50.0
26 37 -45.0
26 38 -55.0
26 45 -45.0
26 46 -41.0
26 47 -43.0
27 6 -45.0
27 7 -52.0
27 8 -42.0
27 15 -41.0
27 16 -52.0
27 17 -50.0
27 18 -42.0
27 19 -51.0
27 25 -42.0
27 26 -40.0
27 28 -42.0
27 29 -47.0
27 35 -41.0
27 36 -40.0
27 37 -41.0
27 38 -49.0
27 39 -55.0
27 46 -48.0
27 47 -46.0
27 48 -44.0
28 7 -41.0
28 8 -53.0
28 9 -43.0
28 16 -42.0
28 17 -45.0
28 18 -46.0
28 19 -40.0
28 26 -51.0
28 27 -52.0
28 29 -49.0
28 36 -54.0
28 37 -48.0
28 38 -55.0
28 39 -55.0
28 47 -55.0
28 48 -55.0
28 49 -45.0
29 8 -54.0
29 9 -48.0
29 17 -55.0
29 18 -47.0
29 19 -43.0
29 27 -53.0
29 28 -43.0
29 37 -50.0
29 38 -54.0
29 39 -43.0
29 48 -46.0
29 49 -54.0
30 10 -54.0
30 11 -43.0
30 20 -44.0
30 21 -45.0
30 22 -53.0
30 31 -41.0
30 32 -49.0
30 40 -45.0
30 41 -40.0
30 42 -46.0
30 50 -41.0
30 51 -43.0
31 10 -52.0
31 11 -54.0
31 12 -49.0
31 20 -42.0
31 21 -49.0
31 22 -41.0
31 23 -47.0
31 30 -42.0
31 32 -45.0
31 33 -45.0
31 40 -50.0
31 41 -42.0
31 42 -43.0
31 43 -46.0
31 50 -43.0
31 51 -43.0
31 52 -41.0
32 11 -54.0
32 12 -44.0
32 13 -45.0
32 20 -48.0
32 21 -55.0
32 22 -53.0
32 23 -47.0
32 24 -51.0
32 30 -50.0
32 31 -42.0
32 33 -48.0
32 34 -45.0
32 40 -54.0
32 41 -45.0
32 42 -41.0
32 43 -44.0
32 44 -45.0
32 51 -47.0
32 52 -52.0
32 53 -52.0
33 12 -46.0
33 13 -51.0
33 14 -46.0
33 21 -51.0
33 22 -48.0
33 23 -50.0
33 24 -55.0
33 25 -55.0
33 31 -54.0
33 32 -51.0
33 34 -40.0
33 35 -40.0
33 41 -47.0
33 42 -53.0
33 43 -55.0
33 44 -52.0
33 45 -44.0
33 52 -46.0
33 53 -54.0
33 54 -46.0
34 13 -41.0
34 14 -43.0
34 15 -47.0
34 22 -46.0
34 23 -40.0
34 24 -40.0
34 25 -46.0
34 26 -41.0
34 32 -41.0
34 33 -41.0
34 35 -48.0
34 36 -44.0
34 42 -51.0
34 43 -51.0
34 44 -55.0
34 45 -54.0
34 46 -41.0
34 53 -49.0
34 54 -53.0
34 55 -49.0
35 14 -54.0
35 15 -54.0
35 16 -49.0
35 23 -51.0
35 24 -47.0
35 25 -42.0
35 26 -52.0
35 27 -41.0
35 33 -52.0
35 34 -54.0
35 36 -50.0
35 37 -46.0
35 43 -42.0
35 44 -55.0
35 45 -54.0
35 46 -48.0
35 47 -41.0
35 54 -49.0
35 55 -52.0
35 56 -45.0
36 15 -47.0
36 16 -48.0
36 17 -47.0
36 24 -49.0
36 25 -43.0
36 26 -52.0
36 27 -45.0
36 28 -49.0
36 34 -40.0
36 35 -51.0
36 37 -48.0
36 38 -50.0
36 44 -49.0
36 45 -42.0
36 46 -40.0
36 47 -53.0
36 48 -45.0
36 55 -55.0
36 56 -44.0
36 57 -54.0
37 16 -53.0
37 17 -49.0
37 18 -49.0
37 25 -43.0
37 26 -55.0
37 27 -50.0
37 28 -41.0
37 29 -44.0
37 35 -42.0
37 36 -53.0
37 38 -44.0
37 39 -40.0
37 45 -46.0
37 46 -45.0
37 47 -55.0
37 48 -40.0
37 49 -42.0
37 56 -47.0
37 57 -50.0
37 58 -42.0
38 17 -44.0
38 18 -49.0
38 19 -45.0
38 26 -55.0
38 27 -47.0
38 28 -45.0
38 29 -42.0
38 36 -54.0
38 37 -41.0
38 39 -40.0
38 46 -44.0
38 47 -47.0
38 48 -40.0
38 49 -42.0
38 57 -46.0
38 58 -48.0
38 59 -47.0
39 18 -55.0
39 19 -49.0
39 27 -54.0
39 28 -40.0
39 29 -40.0
39 37 -50.0
39 38 -54.0
39 47 -45.0
39 48 -42.0
39 49 -43.0
39 58 -46.0
39 59 -40.0
40 20 -52.0
40 21 -54.0
40 30 -42.0
40 31 -43.0
40 32 -45.0
40 41 -41.0
40 42 -49.0
40 50 -51.0
40 51 -47.0
40 52 -53.0
40 60 -41.0
40 61 -49.0
41 20 -55.0
41 21 -51.0
41 22 -44.0
41 30 -51.0
41 31 -50.0
41 32 -45.0
41 33 -48.0
41 40 -52.0
41 42 -40.0
41 43 -48.0
41 50 -55.0
41 51 -44.0
41 52 -52.0
41 53 -40.0
41 60 -48.0
41 61 -55.0
41 62 -45.0
42 21 -49.0
42 22 -49.0
42 23 -43.0
42 30 -40.0
42 31 -47.0
42 32 -43.0
42 33 -43.0
42 34 -43.0
42 40 -49.0
42 41 -55.0
42 43 -45.0
42 44 -52.0
42 50 -49.0
42 51 -51.0
42 52 -54.0
42 53 -48.0
42 54 -41.0
42 61 -55.0
42 62 -50.0
42 63 -55.0
43 22 -48.0
43 23 -48.0
43 24 -43.0
43 31 -42.0
43 32 -55.0
43 33 -50.0
43 34 -40.0
43 35 -49.0
43 41 -49.0
43 42 -45.0
43 44 -44.0
43 45 -53.0
43 51 -44.0
43 52 -43.0
43 53 -50.0
43 54 -46.0
43 55 -41.0
43 62 -41.0
43 63 -49.0
43 64 -43.0
44 23 -52.0
44 24 -46.0
44 25 -47.0
44 32 -51.0
44 33 -41.0
44 34 -51.0
44 35 -45.0
44 36 -43.0
44 42 -46.0
44 43 -55.0
44 45 -54.0
44 46 -50.0
44 52 -55.0
44 53 -45.0
44 54 -43.0
44 55 -44.0
44 56 -49.0
44 63 -41.0
44 64 -43.0
44 65 -40.0
45 24 -55.0
45 25 -48.0
45 26 -55.0
45 33 -53.0
45 34 -47.0
45 35 -42.0
45 36 -48.0
45 37 -46.0
45 43 -55.0
45 44 -54.0
45 46 -49.0
45 47 -51.0
45 53 -55.0
45 54 -46.0
45 55 -48.0
45 56 -48.0
45 57 -49.0
45 64 -43.0
45 65 -55.0
45 66 -41.0
46 25 -55.0
46 26 -48.0
46 27 -49.0
46 34 -49.0
46 35 -52.0
46 36 -44.0
46 37 -46.0
46 38 -40.0
46 44 -45.0
46 45 -42.0
46 47 -46.0
46 48 -45.0
46 54 -54.0
46 55 -50.0
46 56 -47.0
46 57 -43.0
46 58 -43.0
46 65 -47.0
46 66 -52.0
46 67 -41.0
47 26 -43.0
47 27 -40.0
47 28 -50.0
47 35 -47.0
47 36 -40.0
47 37 -44.0
47 38 -45.0
47 39 -42.0
47 45 -52.0
47 46 -41.0
47 48 -43.0
47 49 -54.0
47 55 -48.0
47 56 -50.0
47 57 -41.0
47 58 -46.0
47 59 -48.0
47 66 -47.0
47 67 -51.0
47 68 -51.0
48 27 -40.0
48 28 -47.0
48 29 -47.0
48 36 -51.0
48 37 -53.0
48 38 -47.0
48 39 -49.0
48 46 -50.0
48 47 -50.0
48 49 -50.0
48 56 -43.0
48 57 -52.0
48 58 -49.0
48 59 -53.0
48 67 -47.0
48 68 -45.0
48 69 -54.0
49 28 -45.0
49 29 -44.0
49 37 -45.0
49 38 -54.0
49 39 -41.0
49 47 -47.0
49 48 -43.0
49 57 -54.0
49 58 -43.0
49 59 -47.0
49 68 -50.0
49 69 -52.0
50 30 -48.0
50 31 -50.0
50 40 -44.0
50 41 -51.0
50 42 -49.0
50 51 -42.0
50 52 -43.0
50 60 -44.0
50 61 -43.0
50 62 -53.0
50 70 -52.0
50 71 -51.0
51 30 -42.0
51 31 -45.0
51 32 -51.0
51 40 -54.0
51 41 -48.0
51 42 -55.0
51 43 -52.0
51 50 -40.0
51 52 -50.0
51 53 -49.0
51 60 -53.0
51 61 -55.0
51 62 -46.0
51 63 -55.0
51 70 -47.0
51 71 -44.0
51 72 -54.0
52 31 -48.0
52 32 -54.0
52 33 -49.0
52 40 -53.0
52 41 -46.0
52 42 -49.0
52 43 -53.0
52 44 -46.0
52 50 -40.0
52 51 -41.0
52 53 -48.0
52 54 -48.0
52 60 -46.0
52 61 -53.0
52 62 -50.0
52 63 -52.0
52 64 -55.0
52 71 -51.0
52 72 -44.0
52 73 -46.0
53 32 -47.0
53 33 -46.0
53 34 -55.0
53 41 -40.0
53 42 -45.0
53 43 -49.0
53 44 -44.0
53 45 -52.0
53 51 -44.0
53 52 -41.0
53 54 -42.0
53 55 -47.0
53 61 -51.0
53 62 -42.0
53 63 -52.0
53 64 -51.0
53 65 -48.0
53 72 -47.0
53 73 -49.0
53 74 -41.0
54 33 -49.0
54 34 -51.0
54 35 -47.0
54 42 -47.0
54 43 -41.0
54 44 -46.0
54 45 -52.0
54 46 -55.0
54 52 -50.0
54 53 -42.0
54 55 -44.0
54 56 -48.0
54 62 -53.0
54 63 -53.0
54 64 -41.0
54 65 -50.0
54 66 -40.0
54 73 -40.0
54 74 -49.0
54 75 -50.0
55 34 -52.0
55 35 -50.0
55 36 -48.0
55 43 -40.0
55 44 -54.0
55 45 -51.0
55 46 -42.0
55 47 -51.0
55 53 -54.0
55 54 -45.0
55 56 -53.0
55 57 -51.0
55 63 -47.0
55 64 -52.0
55 65 -54.0
55 66 -46.0
55 67 -47.0
55 74 -48.0
55 75 -42.0
55 76 -55.0
56 35 -53.0
56 36 -52.0
56 37 -42.0
56 44 -48.0
56 45 -47.0
56 46 -40.0
56 47 -52.0
56 48 -48.0
56 54 -42.0
56 55 -53.0
56 57 -46.0
56 58 -49.0
56 64 -49.0
56 65 -55.0
56 66 -55.0
56 67 -55.0
56 68 -40.0
56 75 -53.0
56 76 -52.0
56 77 -44.0
57 36 -49.0
57 37 -48.0
57 38 -55.0
57 45 -52.0
57 46 -45.0
57 47 -50.0
57 48 -44.0
57 49 -43.0
57 55 -49.0
57 56 -48.0
57 58 -43.0
57 59 -52.0
57 65 -46.0
57 66 -55.0
57 67 -54.0
57 68 -53.0
57 69 -48.0
57 76 -55.0
57 77 -52.0
57 78 -44.0
58 37 -48.0
58 38 -47.0
58 39 -47.0
58 46 -44.0
58 47 -55.0
58 48 -51.0
58 49 -40.0
58 56 -40.0
58 57 -42.0
58 59 -45.0
58 66 -41.0
58 67 -52.0
58 68 -49.0
58 69 -55.0
58 77 -45.0
58 78 -47.0
58 79 -54.0
59 38 -47.0
59 39 -48.0
59 47 -41.0
59 48 -46.0
59 49 -51.0
59 57 -41.0
59 58 -52.0
59 67 -51.0
59 68 -49.0
59 69 -44.0
59 78 -47.0
59 79 -51.0
60 40 -47.0
60 41 -47.0
60 50 -49.0
60 51 -51.0
60 52 -43.0
60 61 -50.0
60 62 -47.0
60 70 -47.0
60 71 -50.0
60 72 -40.0
60 80 -49.0
60 81 -40.0
61 40 -43.0
61 41 -55.0
61 42 -53.0
61 50 -44.0
61 51 -49.0
61 52 -48.0
61 53 -46.0
61 60 -51.0
61 62 -54.0
61 63 -47.0
61 70 -48.0
61 71 -53.0
61 72 -49.0
61 73 -47.0
61 80 -53.0
61 81 -41.0
61 82 -44.0
62 41 -45.0
62 42 -43.0
62 43 -50.0
62 50 -44.0
62 51 -45.0
62 52 -41.0
62 53 -51.0
62 54 -52.0
62 60 -42.0
62 61 -53.0
62 63 -40.0
62 64 -42.0
62 70 -44.0
62 71 -42.0
62 72 -44.0
62 73 -46.0
62 74 -44.0
62 81 -49.0
62 82 -41.0
62 83 -54.0
63 42 -50.0
63 43 -53.0
63 44 -55.0
63 51 -41.0
63 52 -48.0
63 53 -50.0
63 54 -45.0
63 55 -52.0
63 61 -48.0
63 62 -42.0
63 64 -47.0
63 65 -47.0
63 71 -53.0
63 72 -46.0
63 73 -44.0
63 74 -47.0
63 75 -47.0
63 82 -54.0
63 83 -54.0
63 84 -49.0
64 43 -49.0
64 44 -52.0
64 45 -43.0
64 52 -53.0
64 53 -49.0
64 54 -44.0
64 55 -49.0
64 56 -40.0
64 62 -54.0
64 63 -55.0
64 65 -46.0
64 66 -44.0
64 72 -40.0
64 73 -48.0
64 74 -47.0
64 75 -44.0
64 76 -49.0
64 83 -48.0
64 84 -50.0
64 85 -52.0
65 44 -43.0
65 45 -41.0
65 46 -40.0
65 53 -51.0
65 54 -44.0
65 55 -51.0
65 56 -54.0
65 57 -48.0
65 63 -46.0
65 64 -55.0
65 66 -53.0
65 67 -50.0
65 73 -42.0
65 74 -54.0
65 75 -47.0
65 76 -50.0
65 77 -50.0
65 84 -53.0
65 85 -48.0
65 86 -44.0
66 45 -45.0
66 46 -52.0
66 47 -48.0
66 54 -55.0
66 55 -52.0
66 56 -52.0
66 57 -43.0
66 58 -41.0
66 64 -41.0
66 65 -48.0
66 67 -44.0
66 68 -40.0
66 74 -49.0
66 75 -44.0
66 76 -52.0
66 77 -43.0
66 78 -47.0
66 85 -51.0
66 86 -40.0
66 87 -49.0
67 46 -40.0
67 47 -53.0
67 48 -44.0
67 55 -50.0
67 56 -49.0
67 57 -52.0
67 58 -47.0
67 59 -46.0
67 65 -45.0
67 66 -49.0
67 68 -53.0
67 69 -45.0
67 75 -54.0
67 76 -50.0
67 77 -51.0
67 78 -47.0
67 79 -52.0
67 86 -41.0
67 87 -51.0
67 88 -47.0
68 47 -53.0
68 48 -55.0
68 49 -44.0
68 56 -54.0
68 57 -53.0
68 58 -47.0
68 59 -44.0
68 66 -48.0
68 67 -40.0
68 69 -45.0
68 76 -41.0
68 77 -47.0
68 78 -51.0
68 79 -43.0
68 87 -42.0
68 88 -42.0
68 89 -52.0
69 48 -53.0
69 49 -54.0
69 57 -54.0
69 58 -50.0
69 59 -48.0
69 67 -47.0
69 68 -48.0
69 77 -48.0
69 78 -54.0
69 79 -43.0
69 88 -46.0
69 89 -55.0
70 50 -46.0
70 51 -52.0
70 60 -52.0
70 61 -47.0
70 62 -48.0
70 71 -51.0
70 72 -51.0
70 80 -44.0
70 81 -46.0
70 82 -54.0
70 90 -40.0
70 91 -47.0
71 50 -47.0
71 51 -46.0
71 52 -47.0
71 60 -42.0
71 61 -50.0
71 62 -48.0
71 63 -49.0
71 70 -49.0
71 72 -55.0
71 73 -55.0
71 80 -51.0
71 81 -44.0
71 82 -51.0
71 83 -47.0
71 90 -48.0
71 91 -53.0
71 92 -43.0
72 51 -52.0
72 52 -45.0
72 53 -54.0
72 60 -52.0
72 61 -44.0
72 62 -40.0
72 63 -40.0
72 64 -51.0
72 70 -45.0
72 71 -44.0
72 73 -45.0
72 74 -43.0
72 80 -45.0
72 81 -53.0
72 82 -53.0
72 83 -52.0
72 84 -41.0
72 91 -45.0
72 92 -48.0
72 93 -55.0
73 52 -53.0
73 53 -50.0
73 54 -54.0
73 61 -54.0
73 62 -53.0
73 63 -54.0
73 64 -45.0
73 65 -53.0
73 71 -46.0
73 72 -53.0
73 74 -44.0
73 75 -48.0
73 81 -43.0
73 82 -40.0
73 83 -55.0
73 84 -43.0
73 85 -53.0
73 92 -48.0
73 93 -42.0
73 94 -46.0
74 53 -49.0
74 54 -55.0
74 55 -41.0
74 62 -53.0
74 63 -41.0
74 64 -51.0
74 65 -45.0
74 66 -46.0
74 72 -53.0
74 73 -44.0
74 75 -45.0
74 76 -51.0
74 82 -40.0
74 83 -49.0
74 84 -53.0
74 85 -45.0
74 86 -45.0
74 93 -51.0
74 94 -55.0
74 95 -44.0
75 54 -49.0
75 55 -53.0
75 56 -54.0
75 63 -45.0
75 64 -41.0
75 65 -51.0
75 66 -40.0
75 67 -49.0
75 73 -43.0
75 74 -43.0
75 76 -46.0
75 77 -50.0
75 83 -45.0
75 84 -51.0
75 85 -54.0
75 86 -46.0
75 87 -44.0
75 94 -52.0
75 95 -55.0
75 96 -41.0
76 55 -50.0
76 56 -46.0
76 57 -54.0
76 64 -47.0
76 65 -43.0
76 66 -51.0
76 67 -54.0
76 68 -43.0
76 74 -40.0
76 75 -54.0
76 77 -52.0
76 78 -46.0
76 84 -50.0
76 85 -45.0
76 86 -46.0
76 87 -42.0
76 88 -54.0
76 95 -41.0
76 96 -40.0
76 97 -49.0
77 56 -49.0
77 57 -49.0
77 58 -53.0
77 65 -50.0
77 66 -45.0
77 67 -55.0
77 68 -41.0
77 69 -52.0
77 75 -55.0
77 76 -44.0
77 78 -45.0
77 79 -42.0
77 85 -53.0
77 86 -48.0
77 87 -44.0
77 88 -51.0
77 89 -41.0
77 96 -45.0
77 97 -46.0
77 98 -51.0
78 57 -43.0
78 58 -49.0
78 59 -44.0
78 66 -51.0
78 67 -55.0
78 68 -47.0
78 69 -51.0
78 76 -41.0
78 77 -53.0
78 79 -55.0
78 86 -42.0
78 87 -55.0
78 88 -51.0
78 89 -55.0
78 97 -46.0
78 98 -52.0
78 99 -51.0
79 58 -42.0
79 59 -45.0
79 67 -52.0
79 68 -51.0
79 69 -49.0
79 77 -44.0
79 78 -41.0
79 87 -43.0
79 88 -42.0
79 89 -51.0
79 98 -51.0
79 99 -53.0
80 60 -44.0
80 61 -44.0
80 70 -55.0
80 71 -43.0
80 72 -47.0
80 81 -41.0
80 82 -41.0
80 90 -53.0
80 91 -41.0
80 92 -41.0
81 60 -53.0
81 61 -46.0
81 62 -46.0
81 70 -51.0
81 71 -45.0
81 72 -52.0
81 73 -47.0
81 80 -48.0
81 82 -48.0
81 83 -55.0
81 90 -51.0
81 91 -55.0
81 92 -49.0
81 93 -55.0
82 61 -50.0
82 62 -46.0
82 63 -48.0
82 70 -44.0
82 71 -42.0
82 72 -48.0
82 73 -54.0
82 74 -52.0
82 80 -43.0
82 81 -51.0
82 83 -51.0
82 84 -52.0
82 90 -45.0
82 91 -40.0
82 92 -45.0
82 93 -47.0
82 94 -48.0
83 62 -42.0
83 63 -40.0
83 64 -50.0
83 71 -43.0
83 72 -42.0
83 73 -46.0
83 74 -42.0
83 75 -53.0
83 81 -52.0
83 82 -42.0
83 84 -54.0
83 85 -43.0
83 91 -50.0
83 92 -41.0
83 93 -44.0
83 94 -43.0
83 95 -50.0
84 63 -44.0
84 64 -49.0
84 65 -51.0
84 72 -46.0
84 73 -44.0
84 74 -54.0
84 75 -46.0
84 76 -50.0
84 82 -49.0
84 83 -49.0
84 85 -40.0
84 86 -43.0
84 92 -43.0
84 93 -45.0
84 94 -43.0
84 95 -40.0
84 96 -52.0
85 64 -46.0
85 65 -43.0
85 66 -46.0
85 73 -47.0
85 74 -46.0
85 75 -52.0
85 76 -44.0
85 77 -52.0
85 83 -47.0
85 84 -55.0
85 86 -51.0
85 87 -44.0
85 93 -49.0
85 94 -42.0
85 95 -41.0
85 96 -45.0
85 97 -50.0
86 65 -41.0
86 66 -43.0
86 67 -55.0
86 74 -48.0
86 75 -45.0
86 76 -44.0
86 77 -52.0
86 78 -49.0
86 84 -53.0
86 85 -43.0
86 87 -54.0
86 88 -40.0
86 94 -42.0
86 95 -43.0
86 96 -52.0
86 97 -40.0
86 98 -50.0
87 66 -40.0
87 67 -48.0
87 68 -47.0
87 75 -48.0
87 76 -44.0
87 77 -47.0
87 78 -45.0
87 79 -49.0
87 85 -52.0
87 86 -49.0
87 88 -40.0
87 89 -46.0
87 95 -46.0
87 96 -50.0
87 97 -42.0
87 98 -42.0
87 99 -53.0
88 67 -47.0
88 68 -47.0
88 69 -53.0
88 76 -44.0
88 77 -42.0
88 78 -46.0
88 79 -53.0
88 86 -50.0
88 87 -44.0
88 89 -41.0
88 96 -44.0
88 97 -48.0
88 98 -52.0
88 99 -55.0
89 68 -43.0
89 69 -50.0
89 77 -51.0
89 78 -44.0
89 79 -51.0
89 87 -50.0
89 88 -40.0
89 97 -54.0
89 98 -50.0
89 99 -54.0
90 70 -40.0
90 71 -43.0
90 80 -50.0
90 81 -41.0
90 82 -46.0
90 91 -53.0
90 92 -52.0
91 70 -54.0
91 71 -45.0
91 72 -46.0
91 80 -50.0
91 81 -49.0
91 82 -52.0
91 83 -49.0
91 90 -45.0
91 92 -48.0
91 93 -55.0
92 71 -46.0
92 72 -41.0
92 73 -45.0
92 80 -41.0
92 81 -44.0
92 82 -43.0
92 83 -42.0
92 84 -52.0
92 90 -40.0
92 91 -54.0
92 93 -46.0
92 94 -54.0
93 72 -51.0
93 73 -42.0
93 74 -47.0
93 81 -47.0
93 82 -46.0
93 83 -40.0
93 84 -40.0
93 85 -46.0
93 91 -52.0
93 92 -53.0
93 94 -51.0
93 95 -43.0
94 73 -45.0
94 74 -53.0
94 75 -50.0
94 82 -48.0
94 83 -42.0
94 84 -47.0
94 85 -51.0
94 86 -53.0
94 92 -50.0
94 93 -44.0
94 95 -50.0
94 96 -52.0
95 74 -52.0
95 75 -42.0
95 76 -54.0
95 83 -46.0
95 84 -40.0
95 85 -45.0
95 86 -55.0
95 87 -41.0
95 93 -50.0
95 94 -53.0
95 96 -41.0
95 97 -48.0
96 75 -42.0
96 76 -50.0
96 77 -45.0
96 84 -44.0
96 85 -55.0
96 86 -49.0
96 87 -54.0
96 88 -52.0
96 94 -51.0
96 95 -43.0
96 97 -52.0
96 98 -50.0
97 76 -43.0
97 77 -50.0
97 78 -52.0
97 85 -54.0
97 86 -53.0
97 87 -53.0
97 88 -42.0
97 89 -40.0
97 95 -51.0
97 96 -45.0
97 98 -52.0
97 99 -46.0
98 77 -48.0
98 78 -40.0
98 79 -47.0
98 86 -54.0
98 87 -55.0
98 88 -50.0
98 89 -55.0
98 96 -52.0
98 97 -46.0
98 99 -44.0
99 78 -40.0
99 79 -48.0
99 87 -46.0
99 88 -54.0
99 89 -51.0
99 97 -53.0
99 98 -42.0
