0 1 -46.0
0 2 -48.0
0 5 -51.0
0 6 -40.0
0 7 -48.0
0 10 -40.0
0 11 -45.0
0 12 -46.0
1 0 -53.0
1 2 -52.0
1 3 -40.0
1 5 -44.0
1 6 -54.0
1 7 -51.0
1 8 -46.0
1 10 -48.0
1 11 -42.0
1 12 -42.0
1 13 -54.0
2 0 -42.0
2 1 -48.0
2 3 -45.0
2 4 -41.0
2 5 -52.0
2 6 -41.0
2 7 -47.0
2 8 -43.0
2 9 -40.0
2 10 -52.0
2 11 -51.0
2 12 -47.0
2 13 -48.0
2 14 -55.0
3 1 -47.0
3 2 -49.0
3 4 -55.0
3 6 -46.0
3 7 -49.0
3 8 -46.0
3 9 -51.0
3 11 -55.0
3 12 -41.0
3 13 -53.0
3 14 -50.0
4 2 -40.0
4 3 -54.0
4 7 -41.0
4 8 -43.0
4 9 -53.0
4 12 -54.0
4 13 -46.0
4 14 -43.0
5 0 -44.0
5 1 -44.0
5 2 -45.0
5 6 -54.0
5 7 -49.0
5 10 -45.0
5 11 -52.0
5 12 -54.0
5 15 -54.0
5 16 -53.0
5 17 -50.0
6 0 -55.0
6 1 -52.0
6 2 -46.0
6 3 -49.0
6 5 -40.0
6 7 -41.0
6 8 -42.0
6 10 -53.0
6 11 -55.0
6 12 -42.0
6 13 -44.0
6 15 -47.0
6 16 -48.0
6 17 -52.0
6 18 -40.0
7 0 -47.0
7 1 -52.0
7 2 -44.0
7 3 -42.0
7 4 -52.0
7 5 -50.0
7 6 -47.0
7 8 -50.0
7 9 -53.0
7 10 -47.0
7 11 -49.0
7 12 -44.0
7 13 -52.0
7 14 -50.0
7 15 -50.0
7 16 -45.0
7 17 -44.0
7 18 -44.0
7 19 -53.0
8 1 -51.0
8 2 -41.0
8 3 -44.0
8 4 -43.0
8 6 -42.0
8 7 -48.0
8 9 -40.0
8 11 -48.0
8 12 -47.0
8 13 -55.0
8 14 -40.0
8 16 -42.0
8 17 -48.0
8 18 -54.0
8 19 -43.0
9 2 -50.0
9 3 -49.0
9 4 -53.0
9 7 -49.0
9 8 -50.0
9 12 -41.0
9 13 -40.0
9 14 -41.0
9 17 -52.0
9 18 -46.0
9 19 -51.0
10 0 -51.0
10 1 -41.0
10 2 -53.0
10 5 -47.0
10 6 -51.0
10 7 -54.0
10 11 -40.0
10 12 -43.0
10 15 -45.0
10 16 -46.0
10 17 -44.0
10 20 -44.0
10 21 -50.0
10 22 -51.0
11 0 -52.0
11 1 -41.0
11 2 -48.0
11 3 -48.0
11 5 -46.0
11 6 -42.0
11 7 -48.0
11 8 -48.0
11 10 -52.0
11 12 -50.0
11 13 -46.0
11 15 -46.0
11 16 -43.0
11 17 -51.0
11 18 -45.0
11 20 -51.0
11 21 -49.0
11 22 -42.0
11 23 -41.0
12 0 -48.0
12 1 -42.0
12 2 -40.0
12 3 -40.0
12 4 -43.0
12 5 -40.0
12 6 -55.0
12 7 -53.0
12 8 -54.0
12 9 -53.0
12 10 -47.0
12 11 -45.0
12 13 -44.0
12 14 -41.0
12 15 -49.0
12 16 -52.0
12 17 -50.0
12 18 -55.0
12 19 -45.0
12 20 -45.0
12 21 -51.0
12 22 -44.0
12 23 -40.0
12 24 -50.0
13 1 -42.0
13 2 -45.0
13 3 -53.0
13 4 -53.0
13 6 -49.0
13 7 -43.0
13 8 -47.0
13 9 -43.0
13 11 -42.0
13 12 -47.0
13 14 -43.0
13 16 -53.0
13 17 -53.0
13 18 -48.0
13 19 -43.0
13 21 -55.0
13 22 -52.0
13 23 -51.0
13 24 -54.0
14 2 -52.0
14 3 -46.0
14 4 -41.0
14 7 -43.0
14 8 -49.0
14 9 -52.0
14 12 -48.0
14 13 -54.0
14 17 -41.0
14 18 -41.0
14 19 -48.0
14 22 -47.0
14 23 -42.0
14 24 -54.0
15 5 -54.0
15 6 -46.0
15 7 -55.0
15 10 -42.0
15 11 -42.0
15 12 -42.0
15 16 -55.0
15 17 -45.0
15 20 -45.0
15 21 -52.0
15 22 -51.0
16 5 -55.0
16 6 -40.0
16 7 -53.0
16 8 -43.0
16 10 -54.0
16 11 -51.0
16 12 -54.0
16 13 -44.0
16 15 -46.0
16 17 -42.0
16 18 -52.0
16 20 -40.0
16 21 -55.0
16 22 -46.0
16 23 -47.0
17 5 -54.0
17 6 -52.0
17 7 -49.0
17 8 -50.0
17 9 -52.0
17 10 -46.0
17 11 -47.0
17 12 -52.0
17 13 -40.0
17 14 -42.0
17 15 -52.0
17 16 -46.0
17 18 -55.0
17 19 -55.0
17 20 -45.0
17 21 -49.0
17 22 -40.0
17 23 -41.0
17 24 -53.0
18 6 -45.0
18 7 -48.0
18 8 -51.0
18 9 -54.0
18 11 -48.0
18 12 -53.0
18 13 -52.0
18 14 -54.0
18 16 -42.0
18 17 -51.0
18 19 -46.0
18 21 -46.0
18 22 -41.0
18 23 -51.0
18 24 -43.0
19 7 -53.0
19 8 -53.0
19 9 -50.0
19 12 -53.0
19 13 -45.0
19 14 -42.0
19 17 -42.0
19 18 -43.0
19 22 -50.0
19 23 -47.0
19 24 -44.0
20 10 -53.0
20 11 -48.0
20 12 -53.0
20 15 -50.0
20 16 -45.0
20 17 -49.0
20 21 -48.0
20 22 -47.0
21 10 -52.0
21 11 -45.0
21 12 -54.0
21 13 -41.0
21 15 -46.0
21 16 -48.0
21 17 -41.0
21 18 -50.0
21 20 -55.0
21 22 -51.0
21 23 -54.0
22 10 -44.0
22 11 -44.0
22 12 -52.0
22 13 -47.0
22 14 -52.0
22 15 -40.0
22 16 -42.0
22 17 -54.0
22 18 -45.0
22 19 -46.0
22 20 -48.0
22 21 -44.0
22 23 -55.0
22 24 -42.0
23 11 -43.0
23 12 -49.0
23 13 -46.0
23 14 -42.0
23 16 -40.0
23 17 -48.0
23 18 -53.0
23 19 -40.0
23 21 -50.0
23 22 -45.0
23 24 -50.0
24 12 -41.0
24 13 -51.0
24 14 -45.0
24 17 -47.0
24 18 -54.0
24 19 -54.0
24 22 -52.0
24 23 -40.0
