0 1 -54.0
0 2 -52.0
0 5 -55.0
0 6 -47.0
0 7 -41.0
0 10 -40.0
0 11 -42.0
1 0 -50.0
1 2 -43.0
1 3 -51.0
1 5 -45.0
1 6 -54.0
1 7 -40.0
1 8 -40.0
1 10 -48.0
1 11 -48.0
1 12 -55.0
2 0 -44.0
2 1 -48.0
2 3 -55.0
2 4 -43.0
2 5 -40.0
2 6 -47.0
2 7 -50.0
2 8 -55.0
2 9 -42.0
2 11 -49.0
2 12 -52.0
2 13 -55.0
3 1 -52.0
3 2 -53.0
3 4 -54.0
3 6 -55.0
3 7 -48.0
3 8 -51.0
3 9 -53.0
3 12 -51.0
3 13 -47.0
3 14 -43.0
4 2 -40.0
4 3 -46.0
4 7 -47.0
4 8 -40.0
4 9 -44.0
4 13 -45.0
4 14 -55.0
5 0 -47.0
5 1 -41.0
5 2 -44.0
5 6 -51.0
5 7 -46.0
5 10 -43.0
5 11 -55.0
5 12 -55.0
5 15 -50.0
5 16 -51.0
6 0 -46.0
6 1 -50.0
6 2 -45.0
6 3 -55.0
6 5 -40.0
6 7 -46.0
6 8 -46.0
6 10 -47.0
6 11 -45.0
6 12 -41.0
6 13 -51.0
6 15 -51.0
6 16 -54.0
6 17 -47.0
7 0 -54.0
7 1 -51.0
7 2 -50.0
7 3 -46.0
7 4 -44.0
7 5 -54.0
7 6 -45.0
7 8 -45.0
7 9 -42.0
7 10 -52.0
7 11 -54.0
7 12 -49.0
7 13 -51.0
7 14 -40.0
7 16 -50.0
7 17 -40.0
7 18 -51.0
8 1 -49.0
8 2 -48.0
8 3 -40.0
8 4 -45.0
8 6 -50.0
8 7 -48.0
8 9 -46.0
8 11 -42.0
8 12 -50.0
8 13 -54.0
8 14 -40.0
8 17 -54.0
8 18 -43.0
8 19 -44.0
9 2 -48.0
9 3 -51.0
9 4 -50.0
9 7 -54.0
9 8 -55.0
9 12 -43.0
9 13 -53.0
9 14 -43.0
9 18 -51.0
9 19 -44.0
10 0 -54.0
10 1 -48.0
10 5 -43.0
10 6 -42.0
10 7 -46.0
10 11 -49.0
10 12 -45.0
10 15 -52.0
10 16 -47.0
10 17 -41.0
10 20 -48.0
10 21 -54.0
11 0 -49.0
11 1 -52.0
11 2 -51.0
11 5 -43.0
11 6 -45.0
11 7 -47.0
11 8 -54.0
11 10 -54.0
11 12 -45.0
11 13 -55.0
11 15 -55.0
11 16 -54.0
11 17 -55.0
11 18 -42.0
11 20 -46.0
11 21 -52.0
11 22 -41.0
12 1 -40.0
12 2 -53.0
12 3 -48.0
12 5 -43.0
12 6 -50.0
12 7 -43.0
12 8 -50.0
12 9 -49.0
12 10 -41.0
12 11 -55.0
12 13 -53.0
12 14 -48.0
12 15 -54.0
12 16 -51.0
12 17 -53.0
12 18 -51.0
12 19 -45.0
12 21 -44.0
12 22 -49.0
12 23 -50.0
13 2 -49.0
13 3 -40.0
13 4 -42.0
13 6 -49.0
13 7 -43.0
13 8 -53.0
13 9 -50.0
13 11 -46.0
13 12 -51.0
13 14 -40.0
13 16 -55.0
13 17 -42.0
13 18 -48.0
13 19 -46.0
13 22 -45.0
13 23 -43.0
13 24 -49.0
14 3 -48.0
14 4 -51.0
14 7 -47.0
14 8 -55.0
14 9 -47.0
14 12 -54.0
14 13 -48.0
14 17 -44.0
14 18 -40.0
14 19 -40.0
14 23 -42.0
14 24 -40.0
15 5 -42.0
15 6 -55.0
15 10 -46.0
15 11 -51.0
15 12 -45.0
15 16 -52.0
15 17 -41.0
15 20 -53.0
15 21 -40.0
15 22 -52.0
16 5 -51.0
16 6 -54.0
16 7 -44.0
16 10 -41.0
16 11 -44.0
16 12 -52.0
16 13 -48.0
16 15 -42.0
16 17 -45.0
16 18 -55.0
16 20 -41.0
16 21 -46.0
16 22 -54.0
16 23 -45.0
17 6 -51.0
17 7 -44.0
17 8 -46.0
17 10 -53.0
17 11 -40.0
17 12 -45.0
17 13 -51.0
17 14 -43.0
17 15 -42.0
17 16 -55.0
17 18 -53.0
17 19 -53.0
17 20 -44.0
17 21 -43.0
17 22 -55.0
17 23 -49.0
17 24 -41.0
18 7 -49.0
18 8 -45.0
18 9 -40.0
18 11 -47.0
18 12 -42.0
18 13 -50.0
18 14 -42.0
18 16 -44.0
18 17 -51.0
18 19 -55.0
18 21 -53.0
18 22 -42.0
18 23 -47.0
18 24 -46.0
19 8 -49.0
19 9 -50.0
19 12 -50.0
19 13 -47.0
19 14 -46.0
19 17 -54.0
19 18 -44.0
19 22 -46.0
19 23 -49.0
19 24 -47.0
20 10 -51.0
20 11 -46.0
20 15 -55.0
20 16 -47.0
20 17 -54.0
20 21 -49.0
20 22 -41.0
21 10 -49.0
21 11 -49.0
21 12 -49.0
21 15 -47.0
21 16 -43.0
21 17 -52.0
21 18 -41.0
21 20 -43.0
21 22 -42.0
21 23 -50.0
22 11 -46.0
22 12 -49.0
22 13 -45.0
22 15 -42.0
22 16 -53.0
22 17 -48.0
22 18 -43.0
22 19 -40.0
22 20 -46.0
22 21 -41.0
22 23 -55.0
22 24 -43.0
23 12 -45.0
23 13 -42.0
23 14 -45.0
23 16 -52.0
23 17 -48.0
23 18 -52.0
23 19 -49.0
23 21 -45.0
23 22 -53.0
23 24 -41.0
24 13 -51.0
24 14 -48.0
24 17 -42.0
24 18 -54.0
24 19 -44.0
24 22 -49.0
24 23 -50.0
