0 1 -42.0
0 2 -40.0
0 3 -41.0
0 7 -45.0
0 8 -52.0
0 9 -40.0
0 14 -55.0
0 15 -41.0
0 16 -54.0
0 21 -53.0
1 0 -46.0
1 2 -45.0
1 3 -53.0
1 4 -53.0
1 7 -51.0
1 8 -44.0
1 9 -45.0
1 10 -42.0
1 14 -49.0
1 15 -41.0
1 16 -55.0
1 17 -50.0
1 22 -43.0
2 0 -41.0
2 1 -48.0
2 3 -46.0
2 4 -44.0
2 5 -41.0
2 7 -41.0
2 8 -51.0
2 9 -51.0
2 10 -54.0
2 11 -53.0
2 14 -48.0
2 15 -52.0
2 16 -50.0
2 17 -48.0
2 18 -44.0
2 23 -48.0
3 0 -55.0
3 1 -47.0
3 2 -46.0
3 4 -53.0
3 5 -41.0
3 6 -40.0
3 8 -46.0
3 9 -55.0
3 10 -48.0
3 11 -40.0
3 12 -47.0
3 15 -52.0
3 16 -52.0
3 17 -52.0
3 18 -48.0
3 19 -53.0
3 24 -41.0
4 1 -46.0
4 2 -49.0
4 3 -40.0
4 5 -49.0
4 6 -53.0
4 9 -50.0
4 10 -42.0
4 11 -41.0
4 12 -53.0
4 13 -49.0
4 16 -44.0
4 17 -51.0
4 18 -47.0
4 19 -52.0
4 20 -54.0
4 25 -53.0
5 2 -47.0
5 3 -40.0
5 4 -49.0
5 6 -48.0
5 10 -44.0
5 11 -47.0
5 12 -45.0
5 13 -53.0
5 17 -51.0
5 18 -40.0
5 19 -45.0
5 20 -55.0
5 26 -46.0
6 3 -43.0
6 4 -50.0
6 5 -51.0
6 11 -54.0
6 12 -52.0
6 13 -51.0
6 18 -48.0
6 19 -42.0
6 20 -46.0
6 27 -52.0
7 0 -52.0
7 1 -51.0
7 2 -40.0
7 8 -49.0
7 9 -55.0
7 10 -41.0
7 14 -44.0
7 15 -45.0
7 16 -41.0
7 21 -55.0
7 22 -49.0
7 23 -50.0
7 28 -54.0
8 0 -55.0
8 1 -47.0
8 2 -48.0
8 3 -52.0
8 7 -40.0
8 9 -54.0
8 10 -49.0
8 11 -43.0
8 14 -45.0
8 15 -40.0
8 16 -50.0
8 17 -44.0
8 21 -47.0
8 22 -43.0
8 23 -45.0
8 24 -41.0
8 29 -46.0
9 0 -49.0
9 1 -44.0
9 2 -44.0
9 3 -53.0
9 4 -42.0
9 7 -51.0
9 8 -40.0
9 10 -41.0
9 11 -54.0
9 12 -48.0
9 14 -48.0
9 15 -46.0
9 16 -42.0
9 17 -53.0
9 18 -48.0
9 21 -40.0
9 22 -54.0
9 23 -51.0
9 24 -47.0
9 25 -41.0
9 30 -42.0
10 1 -52.0
10 2 -55.0
10 3 -46.0
10 4 -52.0
10 5 -45.0
10 7 -46.0
10 8 -46.0
10 9 -46.0
10 11 -50.0
10 12 -49.0
10 13 -52.0
10 15 -44.0
10 16 -47.0
10 17 -46.0
10 18 -52.0
10 19 -52.0
10 22 -43.0
10 23 -46.0
10 24 -46.0
10 25 -44.0
10 26 -40.0
10 31 -41.0
11 2 -47.0
11 3 -42.0
11 4 -52.0
11 5 -49.0
11 6 -51.0
11 8 -43.0
11 9 -51.0
11 10 -52.0
11 12 -49.0
11 13 -46.0
11 16 -55.0
11 17 -46.0
11 18 -48.0
11 19 -53.0
11 20 -51.0
11 23 -47.0
11 24 -51.0
11 25 -43.0
11 26 -55.0
11 27 -54.0
11 32 -52.0
12 3 -42.0
12 4 -40.0
12 5 -41.0
12 6 -49.0
12 9 -44.0
12 10 -50.0
12 11 -49.0
12 13 -46.0
12 17 -52.0
12 18 -49.0
12 19 -53.0
12 20 -52.0
12 24 -55.0
12 25 -49.0
12 26 -48.0
12 27 -44.0
12 33 -55.0
13 4 -40.0
13 5 -48.0
13 6 -45.0
13 10 -41.0
13 11 -43.0
13 12 -48.0
13 18 -45.0
13 19 -40.0
13 20 -44.0
13 25 -40.0
13 26 -42.0
13 27 -49.0
13 34 -46.0
14 0 -46.0
14 1 -50.0
14 2 -44.0
14 7 -44.0
14 8 -48.0
14 9 -41.0
14 15 -52.0
14 16 -48.0
14 17 -43.0
14 21 -53.0
14 22 -48.0
14 23 -45.0
14 28 -44.0
14 29 -52.0
14 30 -46.0
14 35 -54.0
15 0 -51.0
15 1 -41.0
15 2 -52.0
15 3 -47.0
15 7 -53.0
15 8 -54.0
15 9 -41.0
15 10 -55.0
15 14 -52.0
15 16 -44.0
15 17 -42.0
15 18 -55.0
15 21 -46.0
15 22 -55.0
15 23 -49.0
15 24 -45.0
15 28 -44.0
15 29 -49.0
15 30 -47.0
15 31 -54.0
15 36 -40.0
16 0 -47.0
16 1 -47.0
16 2 -51.0
16 3 -49.0
16 4 -44.0
16 7 -54.0
16 8 -44.0
16 9 -55.0
16 10 -42.0
16 11 -47.0
16 14 -48.0
16 15 -52.0
16 17 -43.0
16 18 -47.0
16 19 -43.0
16 21 -52.0
16 22 -54.0
16 23 -41.0
16 24 -55.0
16 25 -50.0
16 28 -47.0
16 29 -52.0
16 30 -48.0
16 31 -52.0
16 32 -46.0
16 37 -45.0
17 1 -53.0
17 2 -40.0
17 3 -55.0
17 4 -43.0
17 5 -40.0
17 8 -50.0
17 9 -49.0
17 10 -41.0
17 11 -53.0
17 12 -50.0
17 14 -54.0
17 15 -53.0
17 16 -45.0
17 18 -47.0
17 19 -44.0
17 20 -44.0
17 22 -52.0
17 23 -52.0
17 24 -51.0
17 25 -48.0
17 26 -54.0
17 29 -55.0
17 30 -42.0
17 31 -44.0
17 32 -54.0
17 33 -48.0
17 38 -50.0
18 2 -50.0
18 3 -53.0
18 4 -49.0
18 5 -54.0
18 6 -54.0
18 9 -48.0
18 10 -53.0
18 11 -46.0
18 12 -48.0
18 13 -48.0
18 15 -53.0
18 16 -53.0
18 17 -54.0
18 19 -48.0
18 20 -53.0
18 23 -47.0
18 24 -40.0
18 25 -49.0
18 26 -46.0
18 27 -43.0
18 30 -48.0
18 31 -47.0
18 32 -53.0
18 33 -44.0
18 34 -41.0
18 39 -45.0
19 3 -46.0
19 4 -40.0
19 5 -53.0
19 6 -49.0
19 10 -49.0
19 11 -51.0
19 12 -54.0
19 13 -42.0
19 16 -55.0
19 17 -52.0
19 18 -45.0
19 20 -48.0
19 24 -50.0
19 25 -45.0
19 26 -42.0
19 27 -50.0
19 31 -45.0
19 32 -40.0
19 33 -42.0
19 34 -47.0
19 40 -54.0
20 4 -44.0
20 5 -43.0
20 6 -53.0
20 11 -41.0
20 12 -47.0
20 13 -42.0
20 17 -54.0
20 18 -45.0
20 19 -41.0
20 25 -47.0
20 26 -52.0
20 27 -54.0
20 32 -48.0
20 33 -52.0
20 34 -40.0
20 41 -47.0
21 0 -41.0
21 7 -54.0
21 8 -46.0
21 9 -42.0
21 14 -55.0
21 15 -55.0
21 16 -46.0
21 22 -52.0
21 23 -45.0
21 24 -42.0
21 28 -48.0
21 29 -53.0
21 30 -51.0
21 35 -51.0
21 36 -53.0
21 37 -53.0
21 42 -45.0
22 1 -42.0
22 7 -55.0
22 8 -49.0
22 9 -53.0
22 10 -49.0
22 14 -51.0
22 15 -43.0
22 16 -47.0
22 17 -53.0
22 21 -41.0
22 23 -48.0
22 24 -53.0
22 25 -44.0
22 28 -45.0
22 29 -53.0
22 30 -52.0
22 31 -54.0
22 35 -43.0
22 36 -42.0
22 37 -51.0
22 38 -50.0
22 43 -51.0
23 2 -49.0
23 7 -55.0
23 8 -48.0
23 9 -47.0
23 10 -45.0
23 11 -40.0
23 14 -47.0
23 15 -53.0
23 16 -41.0
23 17 -44.0
23 18 -44.0
23 21 -53.0
23 22 -43.0
23 24 -47.0
23 25 -47.0
23 26 -53.0
23 28 -50.0
23 29 -44.0
23 30 -49.0
23 31 -46.0
23 32 -53.0
23 35 -44.0
23 36 -48.0
23 37 -42.0
23 38 -47.0
23 39 -44.0
23 44 -41.0
24 3 -42.0
24 8 -45.0
24 9 -43.0
24 10 -49.0
24 11 -51.0
24 12 -45.0
24 15 -49.0
24 16 -52.0
24 17 -44.0
24 18 -46.0
24 19 -54.0
24 21 -51.0
24 22 -40.0
24 23 -42.0
24 25 -50.0
24 26 -50.0
24 27 -47.0
24 29 -52.0
24 30 -43.0
24 31 -43.0
24 32 -42.0
24 33 -46.0
24 36 -40.0
24 37 -51.0
24 38 -53.0
24 39 -50.0
24 40 -51.0
24 45 -40.0
25 4 -43.0
25 9 -45.0
25 10 -45.0
25 11 -40.0
25 12 -52.0
25 13 -48.0
25 16 -53.0
25 17 -45.0
25 18 -46.0
25 19 -53.0
25 20 -48.0
25 22 -43.0
25 23 -40.0
25 24 -53.0
25 26 -55.0
25 27 -41.0
25 30 -55.0
25 31 -47.0
25 32 -53.0
25 33 -51.0
25 34 -51.0
25 37 -47.0
25 38 -48.0
25 39 -41.0
25 40 -54.0
25 41 -44.0
25 46 -41.0
26 5 -45.0
26 10 -54.0
26 11 -46.0
26 12 -48.0
26 13 -40.0
26 17 -47.0
26 18 -52.0
26 19 -54.0
26 20 -43.0
26 23 -55.0
26 24 -43.0
26 25 -43.0
26 27 -44.0
26 31 -52.0
26 32 -42.0
26 33 -45.0
26 34 -48.0
26 38 -43.0
26 39 -42.0
26 40 -42.0
26 41 -51.0
26 47 -41.0
27 6 -49.0
27 11 -42.0
27 12 -45.0
27 13 -44.0
27 18 -42.0
27 19 -51.0
27 20 -47.0
27 24 -45.0
27 25 -41.0
27 26 -45.0
27 32 -52.0
27 33 -49.0
27 34 -41.0
27 39 -47.0
27 40 -41.0
27 41 -54.0
27 48 -43.0
28 7 -51.0
28 14 -48.0
28 15 -49.0
28 16 -55.0
28 21 -41.0
28 22 -52.0
28 23 -42.0
28 29 -40.0
28 30 -50.0
28 31 -43.0
28 35 -41.0
28 36 -40.0
28 37 -46.0
28 42 -54.0
28 43 -52.0
28 44 -54.0
29 8 -42.0
29 14 -42.0
29 15 -47.0
29 16 -52.0
29 17 -52.0
29 21 -40.0
29 22 -43.0
29 23 -48.0
29 24 -44.0
29 28 -44.0
29 30 -42.0
29 31 -51.0
29 32 -41.0
29 35 -48.0
29 36 -40.0
29 37 -46.0
29 38 -55.0
29 42 -40.0
29 43 -50.0
29 44 -54.0
29 45 -55.0
30 9 -43.0
30 14 -53.0
30 15 -42.0
30 16 -54.0
30 17 -55.0
30 18 -54.0
30 21 -46.0
30 22 -54.0
30 23 -46.0
30 24 -40.0
30 25 -52.0
30 28 -47.0
30 29 -46.0
30 31 -52.0
30 32 -48.0
30 33 -40.0
30 35 -41.0
30 36 -44.0
30 37 -49.0
30 38 -51.0
30 39 -48.0
30 42 -55.0
30 43 -41.0
30 44 -47.0
30 45 -42.0
30 46 -51.0
31 10 -40.0
31 15 -42.0
31 16 -48.0
31 17 -47.0
31 18 -50.0
31 19 -54.0
31 22 -47.0
31 23 -54.0
31 24 -42.0
31 25 -40.0
31 26 -44.0
31 28 -43.0
31 29 -45.0
31 30 -42.0
31 32 -49.0
31 33 -51.0
31 34 -40.0
31 36 -44.0
31 37 -48.0
31 38 -44.0
31 39 -52.0
31 40 -43.0
31 43 -48.0
31 44 -40.0
31 45 -47.0
31 46 -41.0
31 47 -48.0
32 11 -46.0
32 16 -48.0
32 17 -43.0
32 18 -45.0
32 19 -40.0
32 20 -54.0
32 23 -43.0
32 24 -47.0
32 25 -51.0
32 26 -55.0
32 27 -50.0
32 29 -42.0
32 30 -44.0
32 31 -47.0
32 33 -47.0
32 34 -46.0
32 37 -41.0
32 38 -54.0
32 39 -47.0
32 40 -53.0
32 41 -49.0
32 44 -51.0
32 45 -45.0
32 46 -48.0
32 47 -40.0
32 48 -48.0
33 12 -40.0
33 17 -49.0
33 18 -52.0
33 19 -42.0
33 20 -44.0
33 24 -52.0
33 25 -43.0
33 26 -48.0
33 27 -52.0
33 30 -40.0
33 31 -45.0
33 32 -45.0
33 34 -42.0
33 38 -53.0
33 39 -51.0
33 40 -47.0
33 41 -44.0
33 45 -42.0
33 46 -43.0
33 47 -42.0
33 48 -52.0
34 13 -53.0
34 18 -50.0
34 19 -53.0
34 20 -55.0
34 25 -55.0
34 26 -42.0
34 27 -52.0
34 31 -50.0
34 32 -55.0
34 33 -53.0
34 39 -43.0
34 40 -52.0
34 41 -45.0
34 46 -42.0
34 47 -41.0
34 48 -44.0
35 14 -49.0
35 21 -49.0
35 22 -49.0
35 23 -46.0
35 28 -54.0
35 29 -51.0
35 30 -53.0
35 36 -53.0
35 37 -52.0
35 38 -50.0
35 42 -40.0
35 43 -42.0
35 44 -51.0
36 15 -41.0
36 21 -51.0
36 22 -52.0
36 23 -41.0
36 24 -49.0
36 28 -52.0
36 29 -45.0
36 30 -53.0
36 31 -55.0
36 35 -43.0
36 37 -45.0
36 38 -48.0
36 39 -45.0
36 42 -50.0
36 43 -40.0
36 44 -47.0
36 45 -52.0
37 16 -40.0
37 21 -51.0
37 22 -54.0
37 23 -51.0
37 24 -42.0
37 25 -43.0
37 28 -50.0
37 29 -46.0
37 30 -45.0
37 31 -45.0
37 32 -46.0
37 35 -49.0
37 36 -49.0
37 38 -41.0
37 39 -46.0
37 40 -54.0
37 42 -55.0
37 43 -42.0
37 44 -43.0
37 45 -48.0
37 46 -40.0
38 17 -45.0
38 22 -42.0
38 23 -55.0
38 24 -40.0
38 25 -47.0
38 26 -43.0
38 29 -55.0
38 30 -52.0
38 31 -46.0
38 32 -43.0
38 33 -55.0
38 35 -51.0
38 36 -46.0
38 37 -41.0
38 39 -55.0
38 40 -49.0
38 41 -49.0
38 43 -50.0
38 44 -55.0
38 45 -40.0
38 46 -46.0
38 47 -54.0
39 18 -49.0
39 23 -42.0
39 24 -46.0
39 25 -46.0
39 26 -44.0
39 27 -52.0
39 30 -40.0
39 31 -41.0
39 32 -52.0
39 33 -55.0
39 34 -44.0
39 36 -52.0
39 37 -43.0
39 38 -41.0
39 40 -48.0
39 41 -53.0
39 44 -50.0
39 45 -45.0
39 46 -48.0
39 47 -49.0
39 48 -44.0
40 19 -52.0
40 24 -42.0
40 25 -50.0
40 26 -46.0
40 27 -44.0
40 31 -50.0
40 32 -54.0
40 33 -45.0
40 34 -41.0
40 37 -50.0
40 38 -42.0
40 39 -43.0
40 41 -53.0
40 45 -44.0
40 46 -54.0
40 47 -53.0
40 48 -43.0
41 20 -44.0
41 25 -44.0
41 26 -48.0
41 27 -54.0
41 32 -40.0
41 33 -46.0
41 34 -51.0
41 38 -47.0
41 39 -50.0
41 40 -54.0
41 46 -43.0
41 47 -43.0
41 48 -54.0
42 21 -48.0
42 28 -49.0
42 29 -50.0
42 30 -53.0
42 35 -55.0
42 36 -45.0
42 37 -53.0
42 43 -49.0
42 44 -53.0
42 45 -47.0
43 22 -50.0
43 28 -48.0
43 29 -55.0
43 30 -51.0
43 31 -47.0
43 35 -52.0
43 36 -46.0
43 37 -46.0
43 38 -43.0
43 42 -41.0
43 44 -46.0
43 45 -41.0
43 46 -48.0
44 23 -45.0
44 28 -45.0
44 29 -54.0
44 30 -49.0
44 31 -49.0
44 32 -46.0
44 35 -41.0
44 36 -47.0
44 37 -48.0
44 38 -53.0
44 39 -55.0
44 42 -47.0
44 43 -48.0
44 45 -47.0
44 46 -43.0
44 47 -55.0
45 24 -45.0
45 29 -54.0
45 30 -42.0
45 31 -55.0
45 32 -51.0
45 33 -41.0
45 36 -53.0
45 37 -50.0
45 38 -51.0
45 39 -42.0
45 40 -44.0
45 42 -51.0
45 43 -46.0
45 44 -55.0
45 46 -46.0
45 47 -52.0
45 48 -48.0
46 25 -42.0
46 30 -55.0
46 31 -40.0
46 32 -41.0
46 33 -42.0
46 34 -43.0
46 37 -47.0
46 38 -55.0
46 39 -44.0
46 40 -48.0
46 41 -48.0
46 43 -55.0
46 44 -45.0
46 45 -48.0
46 47 -45.0
46 48 -53.0
47 26 -50.0
47 31 -41.0
47 32 -46.0
47 33 -48.0
47 34 -51.0
47 38 -55.0
47 39 -54.0
47 40 -45.0
47 41 -45.0
47 44 -42.0
47 45 -41.0
47 46 -50.0
47 48 -55.0
48 27 -51.0
48 32 -43.0
48 33 -48.0
48 34 -49.0
48 39 -52.0
48 40 -42.0
48 41 -47.0
48 45 -45.0
48 46 -42.0
48 47 -40.0
