0 1 -49.0
0 2 -52.0
0 3 -53.0
0 10 -52.0
0 11 -50.0
0 12 -55.0
0 20 -49.0
0 21 -40.0
0 22 -42.0
0 30 -51.0
1 0 -54.0
1 2 -51.0
1 3 -44.0
1 4 -43.0
1 10 -42.0
1 11 -42.0
1 12 -40.0
1 13 -54.0
1 20 -49.0
1 21 -45.0
1 22 -42.0
1 23 -55.0
1 31 -54.0
2 0 -48.0
2 1 -48.0
2 3 -49.0
2 4 -49.0
2 5 -46.0
2 10 -45.0
2 11 -40.0
2 12 -49.0
2 13 -47.0
2 14 -49.0
2 20 -43.0
2 21 -40.0
2 22 -47.0
2 23 -53.0
2 24 -44.0
2 32 -55.0
3 0 -46.0
3 1 -41.0
3 2 -46.0
3 4 -40.0
3 5 -43.0
3 6 -50.0
3 11 -43.0
3 12 -45.0
3 13 -55.0
3 14 -47.0
3 15 -42.0
3 21 -50.0
3 22 -52.0
3 23 -42.0
3 24 -40.0
3 25 -49.0
3 33 -54.0
4 1 -48.0
4 2 -51.0
4 3 -51.0
4 5 -49.0
4 6 -40.0
4 7 -45.0
4 12 -47.0
4 13 -54.0
4 14 -52.0
4 15 -48.0
4 16 -50.0
4 22 -52.0
4 23 -42.0
4 24 -51.0
4 25 -41.0
4 26 -45.0
4 34 -51.0
5 2 -47.0
5 3 -43.0
5 4 -42.0
5 6 -50.0
5 7 -41.0
5 8 -45.0
5 13 -43.0
5 14 -40.0
5 15 -48.0
5 16 -49.0
5 17 -45.0
5 23 -52.0
5 24 -55.0
5 25 -55.0
5 26 -48.0
5 27 -45.0
5 35 -46.0
6 3 -42.0
6 4 -50.0
6 5 -50.0
6 7 -48.0
6 8 -42.0
6 9 -54.0
6 14 -48.0
6 15 -54.0
6 16 -48.0
6 17 -44.0
6 18 -51.0
6 24 -50.0
6 25 -53.0
6 26 -42.0
6 27 -50.0
6 28 -41.0
6 36 -48.0
7 4 -41.0
7 5 -54.0
7 6 -41.0
7 8 -46.0
7 9 -42.0
7 15 -53.0
7 16 -47.0
7 17 -51.0
7 18 -42.0
7 19 -40.0
7 25 -55.0
7 26 -53.0
7 27 -42.0
7 28 -53.0
7 29 -47.0
7 37 -51.0
8 5 -46.0
8 6 -52.0
8 7 -50.0
8 9 -40.0
8 16 -42.0
8 17 -52.0
8 18 -53.0
8 19 -54.0
8 26 -41.0
8 27 -49.0
8 28 -55.0
8 29 -43.0
8 38 -42.0
9 6 -53.0
9 7 -51.0
9 8 -51.0
9 17 -43.0
9 18 -53.0
9 19 -50.0
9 27 -46.0
9 28 -52.0
9 29 -42.0
9 39 -47.0
10 0 -47.0
10 1 -53.0
10 2 -55.0
10 11 -43.0
10 12 -51.0
10 13 -48.0
10 20 -43.0
10 21 -53.0
10 22 -51.0
10 30 -43.0
10 31 -50.0
10 32 -47.0
10 40 -54.0
11 0 -40.0
11 1 -41.0
11 2 -42.0
11 3 -51.0
11 10 -44.0
11 12 -49.0
11 13 -52.0
11 14 -40.0
11 20 -42.0
11 21 -47.0
11 22 -47.0
11 23 -49.0
11 30 -52.0
11 31 -52.0
11 32 -52.0
11 33 -52.0
11 41 -44.0
12 0 -54.0
12 1 -46.0
12 2 -53.0
12 3 -50.0
12 4 -51.0
12 10 -41.0
12 11 -53.0
12 13 -53.0
12 14 -41.0
12 15 -53.0
12 20 -51.0
12 21 -43.0
12 22 -47.0
12 23 -54.0
12 24 -47.0
12 30 -47.0
12 31 -43.0
12 32 -53.0
12 33 -52.0
12 34 -40.0
12 42 -52.0
13 1 -45.0
13 2 -43.0
13 3 -43.0
13 4 -41.0
13 5 -46.0
13 10 -47.0
13 11 -44.0
13 12 -52.0
13 14 -47.0
13 15 -43.0
13 16 -44.0
13 21 -47.0
13 22 -46.0
13 23 -47.0
13 24 -50.0
13 25 -52.0
13 31 -55.0
13 32 -45.0
13 33 -40.0
13 34 -41.0
13 35 -51.0
13 43 -43.0
14 2 -43.0
14 3 -53.0
14 4 -40.0
14 5 -48.0
14 6 -54.0
14 11 -48.0
14 12 -44.0
14 13 -46.0
14 15 -54.0
14 16 -50.0
14 17 -48.0
14 22 -43.0
14 23 -47.0
14 24 -52.0
14 25 -45.0
14 26 -53.0
14 32 -41.0
14 33 -51.0
14 34 -45.0
14 35 -47.0
14 36 -51.0
14 44 -44.0
15 3 -55.0
15 4 -52.0
15 5 -49.0
15 6 -50.0
15 7 -46.0
15 12 -54.0
15 13 -50.0
15 14 -46.0
15 16 -49.0
15 17 -41.0
15 18 -52.0
15 23 -52.0
15 24 -43.0
15 25 -44.0
15 26 -42.0
15 27 -50.0
15 33 -42.0
15 34 -45.0
15 35 -41.0
15 36 -44.0
15 37 -44.0
15 45 -45.0
16 4 -54.0
16 5 -55.0
16 6 -49.0
16 7 -47.0
16 8 -51.0
16 13 -51.0
16 14 -44.0
16 15 -47.0
16 17 -46.0
16 18 -47.0
16 19 -46.0
16 24 -45.0
16 25 -53.0
16 26 -49.0
16 27 -44.0
16 28 -44.0
16 34 -52.0
16 35 -43.0
16 36 -55.0
16 37 -46.0
16 38 -51.0
16 46 -46.0
17 5 -41.0
17 6 -51.0
17 7 -46.0
17 8 -49.0
17 9 -51.0
17 14 -52.0
17 15 -40.0
17 16 -44.0
17 18 -43.0
17 19 -42.0
17 25 -47.0
17 26 -45.0
17 27 -48.0
17 28 -52.0
17 29 -52.0
17 35 -45.0
17 36 -43.0
17 37 -43.0
17 38 -46.0
17 39 -42.0
17 47 -51.0
18 6 -44.0
18 7 -40.0
18 8 -54.0
18 9 -54.0
18 15 -53.0
18 16 -40.0
18 17 -41.0
18 19 -45.0
18 26 -50.0
18 27 -52.0
18 28 -49.0
18 29 -52.0
18 36 -43.0
18 37 -53.0
18 38 -55.0
18 39 -55.0
18 48 -43.0
19 7 -52.0
19 8 -51.0
19 9 -52.0
19 16 -43.0
19 17 -48.0
19 18 -50.0
19 27 -55.0
19 28 -53.0
19 29 -41.0
19 37 -43.0
19 38 -46.0
19 39 -50.0
19 49 -42.0
20 0 -52.0
20 1 -40.0
20 2 -42.0
20 10 -49.0
20 11 -53.0
20 12 -41.0
20 21 -45.0
20 22 -50.0
20 23 -40.0
20 30 -50.0
20 31 -48.0
20 32 -48.0
20 40 -46.0
20 41 -43.0
20 42 -44.0
20 50 -40.0
21 0 -48.0
21 1 -54.0
21 2 -53.0
21 3 -51.0
21 10 -46.0
21 11 -50.0
21 12 -46.0
21 13 -52.0
21 20 -53.0
21 22 -47.0
21 23 -40.0
21 24 -45.0
21 30 -41.0
21 31 -47.0
21 32 -49.0
21 33 -49.0
21 40 -42.0
21 41 -52.0
21 42 -54.0
21 43 -51.0
21 51 -55.0
22 0 -45.0
22 1 -52.0
22 2 -43.0
22 3 -42.0
22 4 -55.0
22 10 -53.0
22 11 -50.0
22 12 -46.0
22 13 -40.0
22 14 -43.0
22 20 -52.0
22 21 -55.0
22 23 -42.0
22 24 -45.0
22 25 -40.0
22 30 -53.0
22 31 -45.0
22 32 -52.0
22 33 -55.0
22 34 -52.0
22 40 -47.0
22 41 -51.0
22 42 -43.0
22 43 -40.0
22 44 -55.0
22 52 -44.0
23 1 -52.0
23 2 -55.0
23 3 -55.0
23 4 -43.0
23 5 -49.0
23 11 -42.0
23 12 -53.0
23 13 -52.0
23 14 -42.0
23 15 -50.0
23 20 -40.0
23 21 -49.0
23 22 -42.0
23 24 -47.0
23 25 -43.0
23 26 -47.0
23 31 -45.0
23 32 -52.0
23 33 -50.0
23 34 -41.0
23 35 -52.0
23 41 -41.0
23 42 -43.0
23 43 -50.0
23 44 -45.0
23 45 -46.0
23 53 -53.0
24 2 -54.0
24 3 -41.0
24 4 -48.0
24 5 -40.0
24 6 -47.0
24 12 -54.0
24 13 -44.0
24 14 -40.0
24 15 -52.0
24 16 -48.0
24 21 -48.0
24 22 -54.0
24 23 -48.0
24 25 -49.0
24 26 -50.0
24 27 -41.0
24 32 -48.0
24 33 -47.0
24 34 -48.0
24 35 -51.0
24 36 -54.0
24 42 -42.0
24 43 -48.0
24 44 -45.0
24 45 -46.0
24 46 -42.0
24 54 -43.0
25 3 -49.0
25 4 -53.0
25 5 -44.0
25 6 -49.0
25 7 -50.0
25 13 -41.0
25 14 -47.0
25 15 -42.0
25 16 -50.0
25 17 -44.0
25 22 -55.0
25 23 -44.0
25 24 -48.0
25 26 -45.0
25 27 -43.0
25 28 -48.0
25 33 -48.0
25 34 -40.0
25 35 -47.0
25 36 -50.0
25 37 -47.0
25 43 -53.0
25 44 -46.0
25 45 -42.0
25 46 -55.0
25 47 -41.0
25 55 -50.0
26 4 -42.0
26 5 -43.0
26 6 -53.0
26 7 -45.0
26 8 -49.0
26 14 -50.0
26 15 -44.0
26 16 -46.0
26 17 -51.0
26 18 -48.0
26 23 -44.0
26 24 -54.0
26 25 -41.0
26 27 -40.0
26 28 -42.0
26 29 -46.0
26 34 -46.0
26 35 -51.0
26 36 -43.0
26 37 -42.0
26 38 -48.0
26 44 -40.0
26 45 -43.0
26 46 -48.0
26 47 -51.0
26 48 -42.0
26 56 -51.0
27 5 -40.0
27 6 -48.0
27 7 -54.0
27 8 -53.0
27 9 -40.0
27 15 -51.0
27 16 -49.0
27 17 -45.0
27 18 -49.0
27 19 -51.0
27 24 -53.0
27 25 -53.0
27 26 -52.0
27 28 -54.0
27 29 -44.0
27 35 -55.0
27 36 -44.0
27 37 -44.0
27 38 -41.0
27 39 -45.0
27 45 -42.0
27 46 -44.0
27 47 -50.0
27 48 -51.0
27 49 -51.0
27 57 -43.0
28 6 -51.0
28 7 -42.0
28 8 -53.0
28 9 -55.0
28 16 -51.0
28 17 -47.0
28 18 -40.0
28 19 -52.0
28 25 -42.0
28 26 -49.0
28 27 -51.0
28 29 -52.0
28 36 -48.0
28 37 -40.0
28 38 -44.0
28 39 -40.0
28 46 -42.0
28 47 -50.0
28 48 -49.0
28 49 -43.0
28 58 -53.0
29 7 -51.0
29 8 -41.0
29 9 -49.0
29 17 -53.0
29 18 -41.0
29 19 -54.0
29 26 -46.0
29 27 -50.0
29 28 -54.0
29 37 -54.0
29 38 -42.0
29 39 -40.0
29 47 -50.0
29 48 -54.0
29 49 -47.0
29 59 -40.0
30 0 -42.0
30 10 -45.0
30 11 -41.0
30 12 -45.0
30 20 -42.0
30 21 -44.0
30 22 -47.0
30 31 -51.0
30 32 -50.0
30 33 -54.0
30 40 -50.0
30 41 -52.0
30 42 -54.0
30 50 -41.0
30 51 -53.0
30 52 -47.0
30 60 -41.0
31 1 -50.0
31 10 -40.0
31 11 -48.0
31 12 -48.0
31 13 -52.0
31 20 -40.0
31 21 -40.0
31 22 -49.0
31 23 -49.0
31 30 -47.0
31 32 -40.0
31 33 -40.0
31 34 -54.0
31 40 -47.0
31 41 -51.0
31 42 -54.0
31 43 -42.0
31 50 -55.0
31 51 -48.0
31 52 -54.0
31 53 -40.0
31 61 -49.0
32 2 -49.0
32 10 -43.0
32 11 -42.0
32 12 -47.0
32 13 -49.0
32 14 -41.0
32 20 -46.0
32 21 -40.0
32 22 -54.0
32 23 -43.0
32 24 -50.0
32 30 -48.0
32 31 -40.0
32 33 -40.0
32 34 -48.0
32 35 -43.0
32 40 -47.0
32 41 -45.0
32 42 -52.0
32 43 -47.0
32 44 -51.0
32 50 -47.0
32 51 -51.0
32 52 -44.0
32 53 -41.0
32 54 -45.0
32 62 -52.0
33 3 -55.0
33 11 -41.0
33 12 -43.0
33 13 -54.0
33 14 -46.0
33 15 -48.0
33 21 -54.0
33 22 -45.0
33 23 -49.0
33 24 -53.0
33 25 -52.0
33 30 -41.0
33 31 -47.0
33 32 -48.0
33 34 -49.0
33 35 -46.0
33 36 -48.0
33 41 -51.0
33 42 -51.0
33 43 -50.0
33 44 -50.0
33 45 -40.0
33 51 -49.0
33 52 -51.0
33 53 -47.0
33 54 -53.0
33 55 -40.0
33 63 -47.0
34 4 -42.0
34 12 -55.0
34 13 -46.0
34 14 -54.0
34 15 -41.0
34 16 -53.0
34 22 -46.0
34 23 -46.0
34 24 -49.0
34 25 -42.0
34 26 -48.0
34 31 -44.0
34 32 -51.0
34 33 -48.0
34 35 -49.0
34 36 -48.0
34 37 -42.0
34 42 -40.0
34 43 -51.0
34 44 -42.0
34 45 -43.0
34 46 -46.0
34 52 -45.0
34 53 -43.0
34 54 -47.0
34 55 -52.0
34 56 -53.0
34 64 -48.0
35 5 -42.0
35 13 -50.0
35 14 -41.0
35 15 -47.0
35 16 -50.0
35 17 -53.0
35 23 -43.0
35 24 -54.0
35 25 -51.0
35 26 -54.0
35 27 -43.0
35 32 -55.0
35 33 -51.0
35 34 -41.0
35 36 -40.0
35 37 -49.0
35 38 -55.0
35 43 -42.0
35 44 -50.0
35 45 -49.0
35 46 -54.0
35 47 -51.0
35 53 -42.0
35 54 -45.0
35 55 -42.0
35 56 -42.0
35 57 -52.0
35 65 -53.0
36 6 -49.0
36 14 -41.0
36 15 -55.0
36 16 -47.0
36 17 -53.0
36 18 -51.0
36 24 -44.0
36 25 -47.0
36 26 -44.0
36 27 -49.0
36 28 -42.0
36 33 -41.0
36 34 -53.0
36 35 -51.0
36 37 -43.0
36 38 -45.0
36 39 -40.0
36 44 -44.0
36 45 -43.0
36 46 -48.0
36 47 -51.0
36 48 -44.0
36 54 -46.0
36 55 -40.0
36 56 -44.0
36 57 -40.0
36 58 -49.0
36 66 -49.0
37 7 -45.0
37 15 -46.0
37 16 -50.0
37 17 -52.0
37 18 -45.0
37 19 -42.0
37 25 -42.0
37 26 -43.0
37 27 -42.0
37 28 -41.0
37 29 -45.0
37 34 -54.0
37 35 -55.0
37 36 -47.0
37 38 -48.0
37 39 -40.0
37 45 -44.0
37 46 -52.0
37 47 -51.0
37 48 -46.0
37 49 -43.0
37 55 -45.0
37 56 -54.0
37 57 -52.0
37 58 -43.0
37 59 -43.0
37 67 -54.0
38 8 -48.0
38 16 -55.0
38 17 -44.0
38 18 -47.0
38 19 -42.0
38 26 -42.0
38 27 -45.0
38 28 -45.0
38 29 -49.0
38 35 -52.0
38 36 -49.0
38 37 -48.0
38 39 -48.0
38 46 -41.0
38 47 -55.0
38 48 -47.0
38 49 -49.0
38 56 -42.0
38 57 -54.0
38 58 -48.0
38 59 -42.0
38 68 -49.0
39 9 -40.0
39 17 -41.0
39 18 -40.0
39 19 -46.0
39 27 -51.0
39 28 -51.0
39 29 -45.0
39 36 -54.0
39 37 -55.0
39 38 -53.0
39 47 -46.0
39 48 -51.0
39 49 -49.0
39 57 -47.0
39 58 -54.0
39 59 -47.0
39 69 -43.0
40 10 -53.0
40 20 -48.0
40 21 -48.0
40 22 -41.0
40 30 -47.0
40 31 -52.0
40 32 -48.0
40 41 -48.0
40 42 -49.0
40 43 -42.0
40 50 -52.0
40 51 -47.0
40 52 -43.0
40 60 -48.0
40 61 -41.0
40 62 -55.0
40 70 -49.0
41 11 -42.0
41 20 -42.0
41 21 -50.0
41 22 -46.0
41 23 -45.0
41 30 -48.0
41 31 -40.0
41 32 -47.0
41 33 -50.0
41 40 -50.0
41 42 -50.0
41 43 -50.0
41 44 -51.0
41 50 -52.0
41 51 -53.0
41 52 -43.0
41 53 -53.0
41 60 -52.0
41 61 -55.0
41 62 -42.0
41 63 -52.0
41 71 -44.0
42 12 -45.0
42 20 -46.0
42 21 -45.0
42 22 -47.0
42 23 -51.0
42 24 -40.0
42 30 -40.0
42 31 -55.0
42 32 -50.0
42 33 -43.0
42 34 -50.0
42 40 -50.0
42 41 -47.0
42 43 -42.0
42 44 -44.0
42 45 -52.0
42 50 -41.0
42 51 -50.0
42 52 -48.0
42 53 -40.0
42 54 -55.0
42 60 -54.0
42 61 -55.0
42 62 -42.0
42 63 -50.0
42 64 -41.0
42 72 -50.0
43 13 -42.0
43 21 -48.0
43 22 -51.0
43 23 -46.0
43 24 -55.0
43 25 -47.0
43 31 -43.0
43 32 -55.0
43 33 -43.0
43 34 -49.0
43 35 -42.0
43 40 -48.0
43 41 -44.0
43 42 -43.0
43 44 -54.0
43 45 -47.0
43 46 -55.0
43 51 -40.0
43 52 -40.0
43 53 -44.0
43 54 -41.0
43 55 -53.0
43 61 -42.0
43 62 -48.0
43 63 -47.0
43 64 -54.0
43 65 -51.0
43 73 -40.0
44 14 -48.0
44 22 -46.0
44 23 -47.0
44 24 -51.0
44 25 -55.0
44 26 -53.0
44 32 -47.0
44 33 -54.0
44 34 -40.0
44 35 -46.0
44 36 -41.0
44 41 -49.0
44 42 -45.0
44 43 -46.0
44 45 -48.0
44 46 -53.0
44 47 -47.0
44 52 -51.0
44 53 -55.0
44 54 -45.0
44 55 -42.0
44 56 -44.0
44 62 -49.0
44 63 -47.0
44 64 -54.0
44 65 -50.0
44 66 -49.0
44 74 -46.0
45 15 -40.0
45 23 -40.0
45 24 -49.0
45 25 -46.0
45 26 -46.0
45 27 -40.0
45 33 -50.0
45 34 -53.0
45 35 -45.0
45 36 -45.0
45 37 -46.0
45 42 -40.0
45 43 -44.0
45 44 -51.0
45 46 -40.0
45 47 -40.0
45 48 -48.0
45 53 -44.0
45 54 -54.0
45 55 -41.0
45 56 -54.0
45 57 -55.0
45 63 -53.0
45 64 -47.0
45 65 -52.0
45 66 -46.0
45 67 -48.0
45 75 -49.0
46 16 -43.0
46 24 -51.0
46 25 -44.0
46 26 -54.0
46 27 -54.0
46 28 -44.0
46 34 -52.0
46 35 -40.0
46 36 -46.0
46 37 -43.0
46 38 -48.0
46 43 -49.0
46 44 -42.0
46 45 -51.0
46 47 -42.0
46 48 -43.0
46 49 -53.0
46 54 -54.0
46 55 -40.0
46 56 -47.0
46 57 -53.0
46 58 -49.0
46 64 -55.0
46 65 -54.0
46 66 -41.0
46 67 -50.0
46 68 -53.0
46 76 -41.0
47 17 -46.0
47 25 -46.0
47 26 -42.0
47 27 -55.0
47 28 -55.0
47 29 -52.0
47 35 -50.0
47 36 -40.0
47 37 -55.0
47 38 -40.0
47 39 -53.0
47 44 -53.0
47 45 -44.0
47 46 -53.0
47 48 -45.0
47 49 -49.0
47 55 -50.0
47 56 -54.0
47 57 -50.0
47 58 -51.0
47 59 -48.0
47 65 -54.0
47 66 -51.0
47 67 -52.0
47 68 -41.0
47 69 -55.0
47 77 -47.0
48 18 -47.0
48 26 -45.0
48 27 -47.0
48 28 -47.0
48 29 -45.0
48 36 -44.0
48 37 -53.0
48 38 -54.0
48 39 -55.0
48 45 -42.0
48 46 -52.0
48 47 -51.0
48 49 -50.0
48 56 -47.0
48 57 -54.0
48 58 -45.0
48 59 -41.0
48 66 -44.0
48 67 -43.0
48 68 -47.0
48 69 -42.0
48 78 -52.0
49 19 -43.0
49 27 -40.0
49 28 -54.0
49 29 -46.0
49 37 -49.0
49 38 -42.0
49 39 -48.0
49 46 -53.0
49 47 -40.0
49 48 -49.0
49 57 -49.0
49 58 -44.0
49 59 -45.0
49 67 -47.0
49 68 -47.0
49 69 -43.0
49 79 -47.0
50 20 -40.0
50 30 -45.0
50 31 -41.0
50 32 -47.0
50 40 -46.0
50 41 -41.0
50 42 -43.0
50 51 -45.0
50 52 -55.0
50 53 -42.0
50 60 -55.0
50 61 -53.0
50 62 -51.0
50 70 -49.0
50 71 -46.0
50 72 -43.0
50 80 -54.0
51 21 -54.0
51 30 -53.0
51 31 -50.0
51 32 -49.0
51 33 -48.0
51 40 -41.0
51 41 -48.0
51 42 -44.0
51 43 -50.0
51 50 -55.0
51 52 -55.0
51 53 -52.0
51 54 -54.0
51 60 -50.0
51 61 -44.0
51 62 -48.0
51 63 -49.0
51 70 -54.0
51 71 -44.0
51 72 -44.0
51 73 -41.0
51 81 -44.0
52 22 -52.0
52 30 -44.0
52 31 -51.0
52 32 -47.0
52 33 -54.0
52 34 -53.0
52 40 -52.0
52 41 -42.0
52 42 -47.0
52 43 -40.0
52 44 -48.0
52 50 -46.0
52 51 -49.0
52 53 -43.0
52 54 -49.0
52 55 -52.0
52 60 -42.0
52 61 -51.0
52 62 -55.0
52 63 -46.0
52 64 -41.0
52 70 -52.0
52 71 -50.0
52 72 -50.0
52 73 -40.0
52 74 -40.0
52 82 -55.0
53 23 -43.0
53 31 -52.0
53 32 -50.0
53 33 -42.0
53 34 -40.0
53 35 -46.0
53 41 -40.0
53 42 -43.0
53 43 -43.0
53 44 -55.0
53 45 -52.0
53 50 -53.0
53 51 -45.0
53 52 -44.0
53 54 -45.0
53 55 -49.0
53 56 -43.0
53 61 -42.0
53 62 -52.0
53 63 -50.0
53 64 -44.0
53 65 -47.0
53 71 -41.0
53 72 -45.0
53 73 -41.0
53 74 -54.0
53 75 -47.0
53 83 -42.0
54 24 -52.0
54 32 -55.0
54 33 -53.0
54 34 -55.0
54 35 -52.0
54 36 -49.0
54 42 -47.0
54 43 -51.0
54 44 -50.0
54 45 -47.0
54 46 -50.0
54 51 -51.0
54 52 -48.0
54 53 -49.0
54 55 -40.0
54 56 -52.0
54 57 -53.0
54 62 -54.0
54 63 -43.0
54 64 -52.0
54 65 -55.0
54 66 -48.0
54 72 -40.0
54 73 -47.0
54 74 -49.0
54 75 -44.0
54 76 -48.0
54 84 -54.0
55 25 -45.0
55 33 -49.0
55 34 -51.0
55 35 -46.0
55 36 -46.0
55 37 -54.0
55 43 -44.0
55 44 -53.0
55 45 -49.0
55 46 -41.0
55 47 -51.0
55 52 -46.0
55 53 -45.0
55 54 -49.0
55 56 -44.0
55 57 -43.0
55 58 -43.0
55 63 -54.0
55 64 -42.0
55 65 -48.0
55 66 -50.0
55 67 -54.0
55 73 -54.0
55 74 -47.0
55 75 -53.0
55 76 -50.0
55 77 -54.0
55 85 -46.0
56 26 -52.0
56 34 -47.0
56 35 -51.0
56 36 -54.0
56 37 -49.0
56 38 -45.0
56 44 -52.0
56 45 -53.0
56 46 -40.0
56 47 -51.0
56 48 -45.0
56 53 -41.0
56 54 -50.0
56 55 -44.0
56 57 -44.0
56 58 -54.0
56 59 -43.0
56 64 -40.0
56 65 -43.0
56 66 -49.0
56 67 -50.0
56 68 -49.0
56 74 -42.0
56 75 -45.0
56 76 -50.0
56 77 -47.0
56 78 -55.0
56 86 -44.0
57 27 -41.0
57 35 -51.0
57 36 -53.0
57 37 -51.0
57 38 -46.0
57 39 -52.0
57 45 -42.0
57 46 -49.0
57 47 -52.0
57 48 -48.0
57 49 -47.0
57 54 -42.0
57 55 -44.0
57 56 -46.0
57 58 -47.0
57 59 -51.0
57 65 -43.0
57 66 -44.0
57 67 -51.0
57 68 -45.0
57 69 -48.0
57 75 -54.0
57 76 -41.0
57 77 -48.0
57 78 -40.0
57 79 -53.0
57 87 -45.0
58 28 -49.0
58 36 -49.0
58 37 -48.0
58 38 -50.0
58 39 -52.0
58 46 -54.0
58 47 -43.0
58 48 -44.0
58 49 -48.0
58 55 -49.0
58 56 -45.0
58 57 -48.0
58 59 -47.0
58 66 -54.0
58 67 -51.0
58 68 -41.0
58 69 -54.0
58 76 -40.0
58 77 -54.0
58 78 -50.0
58 79 -54.0
58 88 -54.0
59 29 -50.0
59 37 -55.0
59 38 -43.0
59 39 -54.0
59 47 -51.0
59 48 -43.0
59 49 -47.0
59 56 -45.0
59 57 -53.0
59 58 -42.0
59 67 -46.0
59 68 -41.0
59 69 -40.0
59 77 -42.0
59 78 -47.0
59 79 -51.0
59 89 -47.0
60 30 -42.0
60 40 -53.0
60 41 -46.0
60 42 -49.0
60 50 -52.0
60 51 -41.0
60 52 -46.0
60 61 -47.0
60 62 -50.0
60 63 -49.0
60 70 -47.0
60 71 -43.0
60 72 -48.0
60 80 -51.0
60 81 -50.0
60 82 -45.0
60 90 -55.0
61 31 -45.0
61 40 -43.0
61 41 -51.0
61 42 -53.0
61 43 -40.0
61 50 -43.0
61 51 -52.0
61 52 -53.0
61 53 -40.0
61 60 -46.0
61 62 -49.0
61 63 -48.0
61 64 -49.0
61 70 -44.0
61 71 -50.0
61 72 -52.0
61 73 -43.0
61 80 -51.0
61 81 -53.0
61 82 -53.0
61 83 -42.0
61 91 -54.0
62 32 -55.0
62 40 -46.0
62 41 -50.0
62 42 -46.0
62 43 -52.0
62 44 -51.0
62 50 -41.0
62 51 -44.0
62 52 -55.0
62 53 -55.0
62 54 -51.0
62 60 -48.0
62 61 -45.0
62 63 -49.0
62 64 -46.0
62 65 -41.0
62 70 -46.0
62 71 -49.0
62 72 -46.0
62 73 -44.0
62 74 -51.0
62 80 -52.0
62 81 -55.0
62 82 -46.0
62 83 -48.0
62 84 -51.0
62 92 -55.0
63 33 -42.0
63 41 -42.0
63 42 -46.0
63 43 -53.0
63 44 -52.0
63 45 -46.0
63 51 -48.0
63 52 -43.0
63 53 -55.0
63 54 -54.0
63 55 -43.0
63 60 -48.0
63 61 -55.0
63 62 -47.0
63 64 -54.0
63 65 -44.0
63 66 -53.0
63 71 -43.0
63 72 -43.0
63 73 -48.0
63 74 -52.0
63 75 -42.0
63 81 -49.0
63 82 -45.0
63 83 -51.0
63 84 -42.0
63 85 -43.0
63 93 -47.0
64 34 -53.0
64 42 -49.0
64 43 -40.0
64 44 -52.0
64 45 -52.0
64 46 -42.0
64 52 -50.0
64 53 -42.0
64 54 -43.0
64 55 -40.0
64 56 -42.0
64 61 -41.0
64 62 -55.0
64 63 -43.0
64 65 -54.0
64 66 -42.0
64 67 -47.0
64 72 -51.0
64 73 -41.0
64 74 -51.0
64 75 -46.0
64 76 -52.0
64 82 -51.0
64 83 -52.0
64 84 -53.0
64 85 -48.0
64 86 -54.0
64 94 -43.0
65 35 -44.0
65 43 -52.0
65 44 -46.0
65 45 -41.0
65 46 -53.0
65 47 -45.0
65 53 -55.0
65 54 -53.0
65 55 -44.0
65 56 -49.0
65 57 -41.0
65 62 -40.0
65 63 -44.0
65 64 -49.0
65 66 -54.0
65 67 -51.0
65 68 -42.0
65 73 -46.0
65 74 -44.0
65 75 -41.0
65 76 -50.0
65 77 -40.0
65 83 -48.0
65 84 -47.0
65 85 -50.0
65 86 -40.0
65 87 -41.0
65 95 -51.0
66 36 -43.0
66 44 -53.0
66 45 -53.0
66 46 -50.0
66 47 -40.0
66 48 -44.0
66 54 -51.0
66 55 -50.0
66 56 -46.0
66 57 -51.0
66 58 -46.0
66 63 -46.0
66 64 -42.0
66 65 -43.0
66 67 -50.0
66 68 -55.0
66 69 -50.0
66 74 -50.0
66 75 -52.0
66 76 -41.0
66 77 -52.0
66 78 -55.0
66 84 -42.0
66 85 -52.0
66 86 -45.0
66 87 -52.0
66 88 -44.0
66 96 -40.0
67 37 -54.0
67 45 -40.0
67 46 -50.0
67 47 -53.0
67 48 -52.0
67 49 -47.0
67 55 -55.0
67 56 -41.0
67 57 -44.0
67 58 -40.0
67 59 -43.0
67 64 -54.0
67 65 -51.0
67 66 -47.0
67 68 -53.0
67 69 -53.0
67 75 -51.0
67 76 -53.0
67 77 -49.0
67 78 -45.0
67 79 -44.0
67 85 -51.0
67 86 -40.0
67 87 -53.0
67 88 -54.0
67 89 -50.0
67 97 -43.0
68 38 -48.0
68 46 -55.0
68 47 -48.0
68 48 -51.0
68 49 -42.0
68 56 -52.0
68 57 -42.0
68 58 -53.0
68 59 -51.0
68 65 -54.0
68 66 -48.0
68 67 -42.0
68 69 -50.0
68 76 -51.0
68 77 -48.0
68 78 -43.0
68 79 -46.0
68 86 -45.0
68 87 -46.0
68 88 -41.0
68 89 -48.0
68 98 -48.0
69 39 -47.0
69 47 -50.0
69 48 -53.0
69 49 -54.0
69 57 -53.0
69 58 -55.0
69 59 -46.0
69 66 -46.0
69 67 -54.0
69 68 -41.0
69 77 -42.0
69 78 -43.0
69 79 -51.0
69 87 -54.0
69 88 -41.0
69 89 -53.0
69 99 -42.0
70 40 -45.0
70 50 -44.0
70 51 -50.0
70 52 -51.0
70 60 -45.0
70 61 -54.0
70 62 -53.0
70 71 -46.0
70 72 -41.0
70 73 -49.0
70 80 -54.0
70 81 -40.0
70 82 -44.0
70 90 -46.0
70 91 -48.0
70 92 -54.0
71 41 -54.0
71 50 -47.0
71 51 -51.0
71 52 -50.0
71 53 -42.0
71 60 -54.0
71 61 -41.0
71 62 -51.0
71 63 -52.0
71 70 -42.0
71 72 -41.0
71 73 -55.0
71 74 -54.0
71 80 -42.0
71 81 -55.0
71 82 -43.0
71 83 -55.0
71 90 -46.0
71 91 -53.0
71 92 -43.0
71 93 -43.0
72 42 -47.0
72 50 -50.0
72 51 -41.0
72 52 -48.0
72 53 -53.0
72 54 -50.0
72 60 -51.0
72 61 -45.0
72 62 -50.0
72 63 -54.0
72 64 -41.0
72 70 -50.0
72 71 -50.0
72 73 -53.0
72 74 -45.0
72 75 -48.0
72 80 -49.0
72 81 -45.0
72 82 -50.0
72 83 -53.0
72 84 -46.0
72 90 -45.0
72 91 -42.0
72 92 -46.0
72 93 -55.0
72 94 -50.0
73 43 -41.0
73 51 -52.0
73 52 -55.0
73 53 -43.0
73 54 -55.0
73 55 -46.0
73 61 -47.0
73 62 -43.0
73 63 -54.0
73 64 -53.0
73 65 -45.0
73 70 -50.0
73 71 -40.0
73 72 -47.0
73 74 -53.0
73 75 -54.0
73 76 -53.0
73 81 -45.0
73 82 -47.0
73 83 -44.0
73 84 -47.0
73 85 -49.0
73 91 -54.0
73 92 -51.0
73 93 -43.0
73 94 -43.0
73 95 -52.0
74 44 -40.0
74 52 -45.0
74 53 -55.0
74 54 -55.0
74 55 -44.0
74 56 -53.0
74 62 -53.0
74 63 -54.0
74 64 -46.0
74 65 -51.0
74 66 -46.0
74 71 -45.0
74 72 -54.0
74 73 -51.0
74 75 -49.0
74 76 -47.0
74 77 -42.0
74 82 -40.0
74 83 -49.0
74 84 -46.0
74 85 -54.0
74 86 -46.0
74 92 -45.0
74 93 -42.0
74 94 -50.0
74 95 -46.0
74 96 -48.0
75 45 -55.0
75 53 -43.0
75 54 -40.0
75 55 -48.0
75 56 -55.0
75 57 -44.0
75 63 -50.0
75 64 -55.0
75 65 -40.0
75 66 -45.0
75 67 -53.0
75 72 -50.0
75 73 -48.0
75 74 -45.0
75 76 -45.0
75 77 -51.0
75 78 -53.0
75 83 -54.0
75 84 -48.0
75 85 -48.0
75 86 -48.0
75 87 -43.0
75 93 -41.0
75 94 -51.0
75 95 -45.0
75 96 -55.0
75 97 -52.0
76 46 -48.0
76 54 -41.0
76 55 -49.0
76 56 -49.0
76 57 -48.0
76 58 -42.0
76 64 -48.0
76 65 -46.0
76 66 -55.0
76 67 -53.0
76 68 -42.0
76 73 -43.0
76 74 -55.0
76 75 -46.0
76 77 -45.0
76 78 -46.0
76 79 -40.0
76 84 -50.0
76 85 -47.0
76 86 -40.0
76 87 -51.0
76 88 -50.0
76 94 -44.0
76 95 -55.0
76 96 -43.0
76 97 -43.0
76 98 -50.0
77 47 -49.0
77 55 -54.0
77 56 -44.0
77 57 -53.0
77 58 -45.0
77 59 -55.0
77 65 -54.0
77 66 -50.0
77 67 -53.0
77 68 -50.0
77 69 -51.0
77 74 -43.0
77 75 -49.0
77 76 -43.0
77 78 -48.0
77 79 -44.0
77 85 -44.0
77 86 -43.0
77 87 -41.0
77 88 -54.0
77 89 -49.0
77 95 -40.0
77 96 -48.0
77 97 -55.0
77 98 -55.0
77 99 -45.0
78 48 -50.0
78 56 -48.0
78 57 -49.0
78 58 -48.0
78 59 -41.0
78 66 -46.0
78 67 -53.0
78 68 -45.0
78 69 -53.0
78 75 -52.0
78 76 -53.0
78 77 -45.0
78 79 -51.0
78 86 -40.0
78 87 -53.0
78 88 -46.0
78 89 -49.0
78 96 -42.0
78 97 -47.0
78 98 -40.0
78 99 -47.0
79 49 -42.0
79 57 -43.0
79 58 -53.0
79 59 -43.0
79 67 -50.0
79 68 -47.0
79 69 -47.0
79 76 -54.0
79 77 -52.0
79 78 -43.0
79 87 -49.0
79 88 -47.0
79 89 -44.0
79 97 -40.0
79 98 -43.0
79 99 -53.0
80 50 -50.0
80 60 -55.0
80 61 -50.0
80 62 -47.0
80 70 -42.0
80 71 -48.0
80 72 -51.0
80 81 -51.0
80 82 -40.0
80 83 -48.0
80 90 -43.0
80 91 -45.0
80 92 -50.0
81 51 -44.0
81 60 -47.0
81 61 -43.0
81 62 -52.0
81 63 -55.0
81 70 -43.0
81 71 -47.0
81 72 -50.0
81 73 -45.0
81 80 -51.0
81 82 -54.0
81 83 -41.0
81 84 -55.0
81 90 -47.0
81 91 -47.0
81 92 -48.0
81 93 -41.0
82 52 -40.0
82 60 -47.0
82 61 -49.0
82 62 -47.0
82 63 -50.0
82 64 -50.0
82 70 -51.0
82 71 -45.0
82 72 -44.0
82 73 -41.0
82 74 -55.0
82 80 -54.0
82 81 -48.0
82 83 -54.0
82 84 -43.0
82 85 -51.0
82 90 -45.0
82 91 -53.0
82 92 -43.0
82 93 -45.0
82 94 -48.0
83 53 -43.0
83 61 -47.0
83 62 -52.0
83 63 -45.0
83 64 -55.0
83 65 -55.0
83 71 -42.0
83 72 -46.0
83 73 -40.0
83 74 -53.0
83 75 -51.0
83 80 -46.0
83 81 -55.0
83 82 -51.0
83 84 -41.0
83 85 -42.0
83 86 -47.0
83 91 -43.0
83 92 -45.0
83 93 -46.0
83 94 -45.0
83 95 -46.0
84 54 -43.0
84 62 -55.0
84 63 -45.0
84 64 -51.0
84 65 -55.0
84 66 -49.0
84 72 -49.0
84 73 -51.0
84 74 -41.0
84 75 -54.0
84 76 -47.0
84 81 -44.0
84 82 -53.0
84 83 -44.0
84 85 -41.0
84 86 -40.0
84 87 -53.0
84 92 -44.0
84 93 -46.0
84 94 -47.0
84 95 -52.0
84 96 -43.0
85 55 -48.0
85 63 -50.0
85 64 -43.0
85 65 -49.0
85 66 -43.0
85 67 -49.0
85 73 -49.0
85 74 -54.0
85 75 -51.0
85 76 -52.0
85 77 -43.0
85 82 -48.0
85 83 -47.0
85 84 -40.0
85 86 -46.0
85 87 -45.0
85 88 -41.0
85 93 -55.0
85 94 -42.0
85 95 -53.0
85 96 -41.0
85 97 -45.0
86 56 -42.0
86 64 -42.0
86 65 -43.0
86 66 -47.0
86 67 -49.0
86 68 -45.0
86 74 -41.0
86 75 -50.0
86 76 -45.0
86 77 -44.0
86 78 -53.0
86 83 -45.0
86 84 -46.0
86 85 -51.0
86 87 -43.0
86 88 -47.0
86 89 -50.0
86 94 -50.0
86 95 -55.0
86 96 -40.0
86 97 -44.0
86 98 -42.0
87 57 -51.0
87 65 -51.0
87 66 -52.0
87 67 -46.0
87 68 -45.0
87 69 -43.0
87 75 -53.0
87 76 -55.0
87 77 -43.0
87 78 -55.0
87 79 -43.0
87 84 -51.0
87 85 -47.0
87 86 -51.0
87 88 -44.0
87 89 -55.0
87 95 -55.0
87 96 -52.0
87 97 -51.0
87 98 -48.0
87 99 -44.0
88 58 -47.0
88 66 -51.0
88 67 -48.0
88 68 -54.0
88 69 -48.0
88 76 -46.0
88 77 -43.0
88 78 -46.0
88 79 -53.0
88 85 -46.0
88 86 -43.0
88 87 -44.0
88 89 -45.0
88 96 -46.0
88 97 -51.0
88 98 -43.0
88 99 -48.0
89 59 -45.0
89 67 -52.0
89 68 -44.0
89 69 -47.0
89 77 -53.0
89 78 -45.0
89 79 -52.0
89 86 -50.0
89 87 -52.0
89 88 -54.0
89 97 -55.0
89 98 -46.0
89 99 -55.0
90 60 -48.0
90 70 -48.0
90 71 -40.0
90 72 -48.0
90 80 -40.0
90 81 -43.0
90 82 -45.0
90 91 -47.0
90 92 -46.0
90 93 -41.0
91 61 -50.0
91 70 -48.0
91 71 -47.0
91 72 -42.0
91 73 -51.0
91 80 -52.0
91 81 -54.0
91 82 -40.0
91 83 -52.0
91 90 -40.0
91 92 -40.0
91 93 -48.0
91 94 -54.0
92 62 -45.0
92 70 -55.0
92 71 -51.0
92 72 -54.0
92 73 -40.0
92 74 -40.0
92 80 -52.0
92 81 -54.0
92 82 -42.0
92 83 -47.0
92 84 -52.0
92 90 -50.0
92 91 -44.0
92 93 -41.0
92 94 -54.0
92 95 -42.0
93 63 -43.0
93 71 -43.0
93 72 -42.0
93 73 -41.0
93 74 -40.0
93 75 -50.0
93 81 -54.0
93 82 -51.0
93 83 -53.0
93 84 -52.0
93 85 -55.0
93 90 -44.0
93 91 -53.0
93 92 -40.0
93 94 -51.0
93 95 -53.0
93 96 -46.0
94 64 -54.0
94 72 -42.0
94 73 -45.0
94 74 -50.0
94 75 -51.0
94 76 -45.0
94 82 -52.0
94 83 -47.0
94 84 -42.0
94 85 -54.0
94 86 -48.0
94 91 -53.0
94 92 -42.0
94 93 -41.0
94 95 -43.0
94 96 -43.0
94 97 -48.0
95 65 -44.0
95 73 -41.0
95 74 -44.0
95 75 -49.0
95 76 -40.0
95 77 -53.0
95 83 -51.0
95 84 -44.0
95 85 -45.0
95 86 -54.0
95 87 -44.0
95 92 -53.0
95 93 -41.0
95 94 -51.0
95 96 -47.0
95 97 -43.0
95 98 -53.0
96 66 -43.0
96 74 -44.0
96 75 -44.0
96 76 -52.0
96 77 -45.0
96 78 -49.0
96 84 -55.0
96 85 -41.0
96 86 -48.0
96 87 -41.0
96 88 -40.0
96 93 -55.0
96 94 -41.0
96 95 -43.0
96 97 -44.0
96 98 -45.0
96 99 -48.0
97 67 -47.0
97 75 -51.0
97 76 -51.0
97 77 -54.0
97 78 -55.0
97 79 -52.0
97 85 -44.0
97 86 -43.0
97 87 -43.0
97 88 -46.0
97 89 -49.0
97 94 -43.0
97 95 -42.0
97 96 -40.0
97 98 -44.0
97 99 -40.0
98 68 -51.0
98 76 -43.0
98 77 -48.0
98 78 -45.0
98 79 -46.0
98 86 -49.0
98 87 -53.0
98 88 -45.0
98 89 -49.0
98 95 -47.0
98 96 -53.0
98 97 -50.0
98 99 -40.0
99 69 -47.0
99 77 -51.0
99 78 -47.0
99 79 -52.0
99 87 -54.0
99 88 -54.0
99 89 -51.0
99 96 -43.0
99 97 -51.0
99 98 -47.0
