0 1 -43.0
0 2 -45.0
0 7 -49.0
0 8 -42.0
0 9 -55.0
0 14 -41.0
0 15 -43.0
1 0 -47.0
1 2 -41.0
1 3 -40.0
1 7 -41.0
1 8 -52.0
1 9 -45.0
1 10 -52.0
1 14 -53.0
1 15 -53.0
1 16 -53.0
2 0 -48.0
2 1 -42.0
2 3 -42.0
2 4 -46.0
2 7 -52.0
2 8 -40.0
2 9 -44.0
2 10 -44.0
2 11 -51.0
2 15 -54.0
2 16 -42.0
2 17 -51.0
3 1 -53.0
3 2 -44.0
3 4 -52.0
3 5 -53.0
3 8 -53.0
3 9 -52.0
3 10 -40.0
3 11 -55.0
3 12 -49.0
3 16 -51.0
3 17 -45.0
3 18 -43.0
4 2 -41.0
4 3 -47.0
4 5 -55.0
4 6 -54.0
4 9 -52.0
4 10 -44.0
4 11 -43.0
4 12 -44.0
4 13 -46.0
4 17 -54.0
4 18 -46.0
4 19 -42.0
5 3 -54.0
5 4 -42.0
5 6 -53.0
5 10 -48.0
5 11 -49.0
5 12 -49.0
5 13 -50.0
5 18 -43.0
5 19 -53.0
5 20 -44.0
6 4 -50.0
6 5 -44.0
6 11 -55.0
6 12 -43.0
6 13 -50.0
6 19 -49.0
6 20 -42.0
7 0 -45.0
7 1 -45.0
7 2 -54.0
7 8 -55.0
7 9 -47.0
7 14 -42.0
7 15 -44.0
7 16 -48.0
7 21 -50.0
7 22 -52.0
8 0 -52.0
8 1 -53.0
8 2 -47.0
8 3 -55.0
8 7 -43.0
8 9 -40.0
8 10 -44.0
8 14 -47.0
8 15 -52.0
8 16 -40.0
8 17 -54.0
8 21 -41.0
8 22 -40.0
8 23 -45.0
9 0 -49.0
9 1 -48.0
9 2 -47.0
9 3 -41.0
9 4 -55.0
9 7 -43.0
9 8 -53.0
9 10 -50.0
9 11 -49.0
9 14 -42.0
9 15 -54.0
9 16 -54.0
9 17 -51.0
9 18 -49.0
9 22 -54.0
9 23 -42.0
9 24 -46.0
10 1 -42.0
10 2 -43.0
10 3 -52.0
10 4 -52.0
10 5 -45.0
10 8 -42.0
10 9 -52.0
10 11 -43.0
10 12 -50.0
10 15 -49.0
10 16 -49.0
10 17 -53.0
10 18 -40.0
10 19 -54.0
10 23 -44.0
10 24 -49.0
10 25 -51.0
11 2 -55.0
11 3 -52.0
11 4 -47.0
11 5 -40.0
11 6 -47.0
11 9 -43.0
11 10 -50.0
11 12 -51.0
11 13 -51.0
11 16 -55.0
11 17 -45.0
11 18 -48.0
11 19 -53.0
11 20 -44.0
11 24 -50.0
11 25 -42.0
11 26 -51.0
12 3 -43.0
12 4 -54.0
12 5 -47.0
12 6 -45.0
12 10 -42.0
12 11 -47.0
12 13 -40.0
12 17 -45.0
12 18 -41.0
12 19 -45.0
12 20 -42.0
12 25 -44.0
12 26 -55.0
12 27 -42.0
13 4 -55.0
13 5 -46.0
13 6 -48.0
13 11 -48.0
13 12 -50.0
13 18 -48.0
13 19 -45.0
13 20 -41.0
13 26 -51.0
13 27 -48.0
14 0 -53.0
14 1 -48.0
14 7 -53.0
14 8 -41.0
14 9 -49.0
14 15 -41.0
14 16 -44.0
14 21 -49.0
14 22 -47.0
14 23 -41.0
14 28 -52.0
14 29 -43.0
15 0 -52.0
15 1 -49.0
15 2 -52.0
15 7 -52.0
15 8 -55.0
15 9 -53.0
15 10 -49.0
15 14 -51.0
15 16 -42.0
15 17 -46.0
15 21 -47.0
15 22 -47.0
15 23 -43.0
15 24 -49.0
15 28 -44.0
15 29 -54.0
15 30 -54.0
16 1 -55.0
16 2 -40.0
16 3 -48.0
16 7 -41.0
16 8 -44.0
16 9 -47.0
16 10 -44.0
16 11 -48.0
16 14 -49.0
16 15 -51.0
16 17 -50.0
16 18 -48.0
16 21 -41.0
16 22 -41.0
16 23 -46.0
16 24 -53.0
16 25 -42.0
16 29 -49.0
16 30 -50.0
16 31 -40.0
17 2 -50.0
17 3 -51.0
17 4 -54.0
17 8 -54.0
17 9 -47.0
17 10 -52.0
17 11 -51.0
17 12 -47.0
17 15 -40.0
17 16 -55.0
17 18 -41.0
17 19 -46.0
17 22 -46.0
17 23 -53.0
17 24 -40.0
17 25 -42.0
17 26 -51.0
17 30 -43.0
17 31 -41.0
17 32 -51.0
18 3 -45.0
18 4 -45.0
18 5 -43.0
18 9 -55.0
18 10 -47.0
18 11 -49.0
18 12 -54.0
18 13 -44.0
18 16 -47.0
18 17 -48.0
18 19 -54.0
18 20 -40.0
18 23 -42.0
18 24 -43.0
18 25 -53.0
18 26 -40.0
18 27 -49.0
18 31 -41.0
18 32 -55.0
18 33 -40.0
19 4 -52.0
19 5 -43.0
19 6 -55.0
19 10 -53.0
19 11 -45.0
19 12 -49.0
19 13 -41.0
19 17 -52.0
19 18 -47.0
19 20 -49.0
19 24 -42.0
19 25 -54.0
19 26 -40.0
19 27 -43.0
19 32 -49.0
19 33 -48.0
19 34 -45.0
20 5 -41.0
20 6 -51.0
20 11 -48.0
20 12 -41.0
20 13 -52.0
20 18 -49.0
20 19 -52.0
20 25 -47.0
20 26 -52.0
20 27 -46.0
20 33 -52.0
20 34 -55.0
21 7 -48.0
21 8 -41.0
21 14 -45.0
21 15 -50.0
21 16 -44.0
21 22 -43.0
21 23 -41.0
21 28 -54.0
21 29 -51.0
21 30 -53.0
21 35 -49.0
21 36 -50.0
22 7 -42.0
22 8 -43.0
22 9 -49.0
22 14 -42.0
22 15 -49.0
22 16 -51.0
22 17 -50.0
22 21 -54.0
22 23 -42.0
22 24 -52.0
22 28 -54.0
22 29 -48.0
22 30 -51.0
22 31 -46.0
22 35 -52.0
22 36 -50.0
22 37 -41.0
23 8 -46.0
23 9 -48.0
23 10 -40.0
23 14 -55.0
23 15 -52.0
23 16 -50.0
23 17 -42.0
23 18 -52.0
23 21 -49.0
23 22 -46.0
23 24 -54.0
23 25 -47.0
23 28 -48.0
23 29 -55.0
23 30 -54.0
23 31 -47.0
23 32 -40.0
23 36 -52.0
23 37 -47.0
23 38 -41.0
24 9 -42.0
24 10 -42.0
24 11 -43.0
24 15 -43.0
24 16 -47.0
24 17 -40.0
24 18 -44.0
24 19 -43.0
24 22 -44.0
24 23 -46.0
24 25 -44.0
24 26 -51.0
24 29 -52.0
24 30 -51.0
24 31 -47.0
24 32 -49.0
24 33 -43.0
24 37 -41.0
24 38 -46.0
24 39 -46.0
25 10 -43.0
25 11 -43.0
25 12 -41.0
25 16 -51.0
25 17 -53.0
25 18 -48.0
25 19 -52.0
25 20 -45.0
25 23 -51.0
25 24 -44.0
25 26 -53.0
25 27 -42.0
25 30 -47.0
25 31 -40.0
25 32 -55.0
25 33 -45.0
25 34 -42.0
25 38 -40.0
25 39 -46.0
25 40 -43.0
26 11 -46.0
26 12 -54.0
26 13 -43.0
26 17 -44.0
26 18 -54.0
26 19 -45.0
26 20 -54.0
26 24 -47.0
26 25 -40.0
26 27 -43.0
26 31 -42.0
26 32 -40.0
26 33 -47.0
26 34 -46.0
26 39 -40.0
26 40 -45.0
26 41 -42.0
27 12 -46.0
27 13 -43.0
27 18 -46.0
27 19 -51.0
27 20 -43.0
27 25 -41.0
27 26 -45.0
27 32 -53.0
27 33 -52.0
27 34 -49.0
27 40 -49.0
27 41 -49.0
28 14 -49.0
28 15 -46.0
28 21 -50.0
28 22 -48.0
28 23 -53.0
28 29 -50.0
28 30 -49.0
28 35 -52.0
28 36 -41.0
28 37 -52.0
28 42 -40.0
28 43 -42.0
29 14 -47.0
29 15 -42.0
29 16 -42.0
29 21 -48.0
29 22 -41.0
29 23 -41.0
29 24 -42.0
29 28 -45.0
29 30 -52.0
29 31 -41.0
29 35 -46.0
29 36 -41.0
29 37 -54.0
29 38 -55.0
29 42 -40.0
29 43 -47.0
29 44 -41.0
30 15 -50.0
30 16 -47.0
30 17 -53.0
30 21 -55.0
30 22 -40.0
30 23 -55.0
30 24 -48.0
30 25 -49.0
30 28 -54.0
30 29 -52.0
30 31 -48.0
30 32 -40.0
30 35 -53.0
30 36 -50.0
30 37 -51.0
30 38 -40.0
30 39 -50.0
30 43 -47.0
30 44 -55.0
30 45 -43.0
31 16 -55.0
31 17 -52.0
31 18 -45.0
31 22 -51.0
31 23 -51.0
31 24 -51.0
31 25 -51.0
31 26 -44.0
31 29 -40.0
31 30 -53.0
31 32 -55.0
31 33 -51.0
31 36 -45.0
31 37 -54.0
31 38 -41.0
31 39 -53.0
31 40 -43.0
31 44 -45.0
31 45 -42.0
31 46 -40.0
32 17 -53.0
32 18 -47.0
32 19 -43.0
32 23 -54.0
32 24 -40.0
32 25 -48.0
32 26 -46.0
32 27 -52.0
32 30 -48.0
32 31 -48.0
32 33 -48.0
32 34 -41.0
32 37 -45.0
32 38 -53.0
32 39 -50.0
32 40 -48.0
32 41 -41.0
32 45 -45.0
32 46 -51.0
32 47 -55.0
33 18 -45.0
33 19 -44.0
33 20 -53.0
33 24 -40.0
33 25 -40.0
33 26 -53.0
33 27 -52.0
33 31 -52.0
33 32 -51.0
33 34 -44.0
33 38 -42.0
33 39 -45.0
33 40 -41.0
33 41 -50.0
33 46 -51.0
33 47 -46.0
33 48 -46.0
34 19 -49.0
34 20 -48.0
34 25 -41.0
34 26 -52.0
34 27 -54.0
34 32 -47.0
34 33 -52.0
34 39 -50.0
34 40 -51.0
34 41 -52.0
34 47 -43.0
34 48 -45.0
35 21 -47.0
35 22 -54.0
35 28 -50.0
35 29 -52.0
35 30 -54.0
35 36 -55.0
35 37 -53.0
35 42 -42.0
35 43 -41.0
35 44 -55.0
36 21 -54.0
36 22 -46.0
36 23 -55.0
36 28 -47.0
36 29 -51.0
36 30 -40.0
36 31 -46.0
36 35 -48.0
36 37 -46.0
36 38 -46.0
36 42 -43.0
36 43 -54.0
36 44 -52.0
36 45 -47.0
37 22 -49.0
37 23 -51.0
37 24 -52.0
37 28 -54.0
37 29 -42.0
37 30 -42.0
37 31 -53.0
37 32 -47.0
37 35 -42.0
37 36 -55.0
37 38 -40.0
37 39 -51.0
37 42 -44.0
37 43 -43.0
37 44 -43.0
37 45 -41.0
37 46 -50.0
38 23 -45.0
38 24 -49.0
38 25 -45.0
38 29 -46.0
38 30 -47.0
38 31 -53.0
38 32 -43.0
38 33 -49.0
38 36 -42.0
38 37 -45.0
38 39 -53.0
38 40 -53.0
38 43 -40.0
38 44 -40.0
38 45 -54.0
38 46 -55.0
38 47 -48.0
39 24 -42.0
39 25 -53.0
39 26 -45.0
39 30 -47.0
39 31 -43.0
39 32 -47.0
39 33 -48.0
39 34 -49.0
39 37 -45.0
39 38 -41.0
39 40 -49.0
39 41 -53.0
39 44 -51.0
39 45 -45.0
39 46 -40.0
39 47 -47.0
39 48 -41.0
40 25 -45.0
40 26 -48.0
40 27 -43.0
40 31 -45.0
40 32 -51.0
40 33 -42.0
40 34 -44.0
40 38 -48.0
40 39 -44.0
40 41 -50.0
40 45 -46.0
40 46 -55.0
40 47 -43.0
40 48 -43.0
41 26 -41.0
41 27 -43.0
41 32 -41.0
41 33 -40.0
41 34 -52.0
41 39 -43.0
41 40 -49.0
41 46 -42.0
41 47 -40.0
41 48 -53.0
42 28 -55.0
42 29 -55.0
42 35 -43.0
42 36 -40.0
42 37 -45.0
42 43 -52.0
42 44 -50.0
43 28 -53.0
43 29 -50.0
43 30 -47.0
43 35 -45.0
43 36 -40.0
43 37 -49.0
43 38 -43.0
43 42 -51.0
43 44 -52.0
43 45 -40.0
44 29 -41.0
44 30 -44.0
44 31 -51.0
44 35 -47.0
44 36 -46.0
44 37 -46.0
44 38 -52.0
44 39 -49.0
44 42 -43.0
44 43 -44.0
44 45 -42.0
44 46 -45.0
45 30 -55.0
45 31 -55.0
45 32 -48.0
45 36 -43.0
45 37 -49.0
45 38 -48.0
45 39 -47.0
45 40 -43.0
45 43 -42.0
45 44 -54.0
45 46 -48.0
45 47 -52.0
46 31 -41.0
46 32 -53.0
46 33 -42.0
46 37 -49.0
46 38 -47.0
46 39 -41.0
46 40 -53.0
46 41 -53.0
46 44 -40.0
46 45 -40.0
46 47 -49.0
46 48 -51.0
47 32 -43.0
47 33 -43.0
47 34 -40.0
47 38 -40.0
47 39 -42.0
47 40 -41.0
47 41 -42.0
47 45 -53.0
47 46 -42.0
47 48 -52.0
48 33 -46.0
48 34 -47.0
48 39 -55.0
48 40 -48.0
48 41 -44.0
48 46 -40.0
48 47 -53.0
