0 1 -55.0
0 5 -54.0
1 0 -44.0
1 2 -40.0
1 6 -53.0
2 1 -44.0
2 3 -42.0
2 7 -48.0
3 2 -46.0
3 4 -54.0
3 8 -55.0
4 3 -40.0
4 9 -50.0
5 0 -47.0
5 6 -42.0
5 10 -46.0
6 1 -47.0
6 5 -44.0
6 7 -48.0
6 11 -43.0
7 2 -51.0
7 6 -43.0
7 8 -41.0
7 12 -47.0
8 3 -40.0
8 7 -45.0
8 9 -43.0
8 13 -48.0
9 4 -54.0
9 8 -44.0
9 14 -44.0
10 5 -43.0
10 11 -53.0
10 15 -54.0
11 6 -54.0
11 10 -53.0
11 12 -40.0
11 16 -50.0
12 7 -46.0
12 11 -40.0
12 13 -42.0
12 17 -50.0
13 8 -53.0
13 12 -46.0
13 14 -48.0
13 18 -51.0
14 9 -54.0
14 13 -45.0
14 19 -53.0
15 10 -50.0
15 16 -47.0
15 20 -47.0
16 11 -41.0
16 15 -54.0
16 17 -41.0
16 21 -40.0
17 12 -41.0
17 16 -42.0
17 18 -46.0
17 22 -41.0
18 13 -52.0
18 17 -43.0
18 19 -44.0
18 23 -49.0
19 14 -54.0
19 18 -51.0
19 24 -48.0
20 15 -41.0
20 21 -43.0
21 16 -44.0
21 20 -48.0
21 22 -45.0
22 17 -48.0
22 21 -47.0
22 23 -52.0
23 18 -46.0
23 22 -40.0
23 24 -49.0
24 19 -54.0
24 23 -41.0
