0 1 -55.0
0 2 -51.0
0 7 -44.0
0 8 -42.0
0 14 -47.0
1 0 -49.0
1 2 -44.0
1 3 -48.0
1 7 -51.0
1 8 -42.0
1 9 -42.0
1 15 -49.0
2 0 -54.0
2 1 -42.0
2 3 -48.0
2 4 -46.0
2 8 -47.0
2 9 -49.0
2 10 -48.0
2 16 -40.0
3 1 -46.0
3 2 -55.0
3 4 -42.0
3 5 -44.0
3 9 -49.0
3 10 -43.0
3 11 -54.0
3 17 -41.0
4 2 -45.0
4 3 -49.0
4 5 -49.0
4 6 -47.0
4 10 -40.0
4 11 -55.0
4 12 -46.0
4 18 -48.0
5 3 -52.0
5 4 -54.0
5 6 -50.0
5 11 -42.0
5 12 -52.0
5 13 -55.0
5 19 -46.0
6 4 -42.0
6 5 -55.0
6 12 -52.0
6 13 -43.0
6 20 -49.0
7 0 -45.0
7 1 -53.0
7 8 -42.0
7 9 -55.0
7 14 -43.0
7 15 -46.0
7 21 -53.0
8 0 -55.0
8 1 -54.0
8 2 -55.0
8 7 -49.0
8 9 -40.0
8 10 -51.0
8 14 -53.0
8 15 -42.0
8 16 -44.0
8 22 -46.0
9 1 -53.0
9 2 -45.0
9 3 -52.0
9 7 -40.0
9 8 -41.0
9 10 -54.0
9 11 -52.0
9 15 -46.0
9 16 -44.0
9 17 -47.0
9 23 -52.0
10 2 -49.0
10 3 -52.0
10 4 -50.0
10 8 -53.0
10 9 -52.0
10 11 -54.0
10 12 -44.0
10 16 -45.0
10 17 -50.0
10 18 -54.0
10 24 -41.0
11 3 -54.0
11 4 -48.0
11 5 -46.0
11 9 -50.0
11 10 -40.0
11 12 -40.0
11 13 -49.0
11 17 -40.0
11 18 -41.0
11 19 -45.0
11 25 -44.0
12 4 -41.0
12 5 -45.0
12 6 -55.0
12 10 -40.0
12 11 -44.0
12 13 -55.0
12 18 -50.0
12 19 -45.0
12 20 -43.0
12 26 -51.0
13 5 -50.0
13 6 -46.0
13 11 -52.0
13 12 -42.0
13 19 -42.0
13 20 -42.0
13 27 -48.0
14 0 -42.0
14 7 -51.0
14 8 -52.0
14 15 -42.0
14 16 -45.0
14 21 -47.0
14 22 -42.0
14 28 -40.0
15 1 -48.0
15 7 -44.0
15 8 -45.0
15 9 -48.0
15 14 -49.0
15 16 -50.0
15 17 -54.0
15 21 -52.0
15 22 -53.0
15 23 -47.0
15 29 -46.0
16 2 -50.0
16 8 -49.0
16 9 -53.0
16 10 -55.0
16 14 -44.0
16 15 -55.0
16 17 -47.0
16 18 -51.0
16 22 -53.0
16 23 -42.0
16 24 -41.0
16 30 -47.0
17 3 -49.0
17 9 -52.0
17 10 -51.0
17 11 -44.0
17 15 -47.0
17 16 -42.0
17 18 -41.0
17 19 -47.0
17 23 -40.0
17 24 -42.0
17 25 -49.0
17 31 -49.0
18 4 -50.0
18 10 -42.0
18 11 -50.0
18 12 -45.0
18 16 -51.0
18 17 -52.0
18 19 -50.0
18 20 -53.0
18 24 -51.0
18 25 -48.0
18 26 -43.0
18 32 -42.0
19 5 -47.0
19 11 -50.0
19 12 -50.0
19 13 -50.0
19 17 -53.0
19 18 -52.0
19 20 -53.0
19 25 -41.0
19 26 -46.0
19 27 -46.0
19 33 -47.0
20 6 -47.0
20 12 -45.0
20 13 -44.0
20 18 -40.0
20 19 -52.0
20 26 -45.0
20 27 -42.0
20 34 -51.0
21 7 -48.0
21 14 -42.0
21 15 -52.0
21 22 -54.0
21 23 -51.0
21 28 -47.0
21 29 -51.0
21 35 -46.0
22 8 -40.0
22 14 -45.0
22 15 -45.0
22 16 -46.0
22 21 -53.0
22 23 -54.0
22 24 -46.0
22 28 -54.0
22 29 -53.0
22 30 -44.0
22 36 -54.0
23 9 -54.0
23 15 -49.0
23 16 -41.0
23 17 -52.0
23 21 -46.0
23 22 -43.0
23 24 -44.0
23 25 -41.0
23 29 -43.0
23 30 -46.0
23 31 -45.0
23 37 -51.0
24 10 -47.0
24 16 -53.0
24 17 -43.0
24 18 -47.0
24 22 -50.0
24 23 -53.0
24 25 -41.0
24 26 -48.0
24 30 -50.0
24 31 -52.0
24 32 -54.0
24 38 -47.0
25 11 -51.0
25 17 -55.0
25 18 -52.0
25 19 -52.0
25 23 -51.0
25 24 -40.0
25 26 -44.0
25 27 -50.0
25 31 -46.0
25 32 -45.0
25 33 -53.0
25 39 -50.0
26 12 -41.0
26 18 -52.0
26 19 -50.0
26 20 -50.0
26 24 -43.0
26 25 -42.0
26 27 -50.0
26 32 -41.0
26 33 -47.0
26 34 -48.0
26 40 -46.0
27 13 -54.0
27 19 -52.0
27 20 -50.0
27 25 -42.0
27 26 -42.0
27 33 -46.0
27 34 -42.0
27 41 -42.0
28 14 -42.0
28 21 -48.0
28 22 -43.0
28 29 -45.0
28 30 -47.0
28 35 -43.0
28 36 -54.0
28 42 -45.0
29 15 -50.0
29 21 -46.0
29 22 -54.0
29 23 -50.0
29 28 -51.0
29 30 -42.0
29 31 -51.0
29 35 -46.0
29 36 -41.0
29 37 -42.0
29 43 -45.0
30 16 -47.0
30 22 -49.0
30 23 -47.0
30 24 -53.0
30 28 -44.0
30 29 -41.0
30 31 -46.0
30 32 -52.0
30 36 -41.0
30 37 -51.0
30 38 -51.0
30 44 -47.0
31 17 -51.0
31 23 -53.0
31 24 -55.0
31 25 -49.0
31 29 -52.0
31 30 -44.0
31 32 -42.0
31 33 -47.0
31 37 -49.0
31 38 -45.0
31 39 -50.0
31 45 -44.0
32 18 -40.0
32 24 -55.0
32 25 -45.0
32 26 -50.0
32 30 -48.0
32 31 -44.0
32 33 -40.0
32 34 -42.0
32 38 -50.0
32 39 -54.0
32 40 -44.0
32 46 -46.0
33 19 -44.0
33 25 -54.0
33 26 -52.0
33 27 -46.0
33 31 -53.0
33 32 -43.0
33 34 -43.0
33 39 -48.0
33 40 -46.0
33 41 -52.0
33 47 -51.0
34 20 -44.0
34 26 -49.0
34 27 -54.0
34 32 -43.0
34 33 -54.0
34 40 -42.0
34 41 -52.0
34 48 -44.0
35 21 -50.0
35 28 -47.0
35 29 -52.0
35 36 -44.0
35 37 -46.0
35 42 -46.0
35 43 -47.0
36 22 -40.0
36 28 -50.0
36 29 -42.0
36 30 -42.0
36 35 -49.0
36 37 -55.0
36 38 -50.0
36 42 -43.0
36 43 -43.0
36 44 -44.0
37 23 -53.0
37 29 -54.0
37 30 -47.0
37 31 -49.0
37 35 -42.0
37 36 -52.0
37 38 -49.0
37 39 -47.0
37 43 -53.0
37 44 -48.0
37 45 -41.0
38 24 -55.0
38 30 -40.0
38 31 -47.0
38 32 -53.0
38 36 -54.0
38 37 -55.0
38 39 -48.0
38 40 -50.0
38 44 -47.0
38 45 -54.0
38 46 -42.0
39 25 -54.0
39 31 -41.0
39 32 -46.0
39 33 -49.0
39 37 -47.0
39 38 -48.0
39 40 -48.0
39 41 -44.0
39 45 -55.0
39 46 -48.0
39 47 -45.0
40 26 -44.0
40 32 -48.0
40 33 -47.0
40 34 -44.0
40 38 -50.0
40 39 -42.0
40 41 -55.0
40 46 -45.0
40 47 -51.0
40 48 -43.0
41 27 -41.0
41 33 -41.0
41 34 -41.0
41 39 -54.0
41 40 -45.0
41 47 -47.0
41 48 -45.0
42 28 -54.0
42 35 -46.0
42 36 -55.0
42 43 -44.0
42 44 -43.0
43 29 -49.0
43 35 -41.0
43 36 -40.0
43 37 -48.0
43 42 -46.0
43 44 -55.0
43 45 -53.0
44 30 -49.0
44 36 -53.0
44 37 -43.0
44 38 -40.0
44 42 -50.0
44 43 -55.0
44 45 -47.0
44 46 -54.0
45 31 -52.0
45 37 -51.0
45 38 -49.0
45 39 -47.0
45 43 -45.0
45 44 -43.0
45 46 -50.0
45 47 -43.0
46 32 -49.0
46 38 -40.0
46 39 -44.0
46 40 -50.0
46 44 -45.0
46 45 -53.0
46 47 -40.0
46 48 -40.0
47 33 -43.0
47 39 -40.0
47 40 -42.0
47 41 -42.0
47 45 -54.0
47 46 -51.0
47 48 -42.0
48 34 -43.0
48 40 -49.0
48 41 -45.0
48 46 -52.0
48 47 -48.0
