0 15
15 0
15 31
31 15
31 47
47 31
47 48
48 47
48 46
46 48
46 45
45 46
45 44
44 45
44 43
43 44
43 42
42 43
42 37
37 42
37 39
39 37
39 41
41 39
41 40
40 41
40 38
38 40
38 36
36 38
36 35
35 36
35 30
30 35
30 32
32 30
32 34
34 32
34 33
33 34
33 27
27 33
27 26
26 27
26 25
25 26
25 24
24 25
24 29
29 24
29 28
28 29
28 23
23 28
23 22
22 23
22 21
21 22
21 14
14 21
14 9
9 14
9 18
18 9
18 20
20 18
20 19
19 20
19 17
17 19
17 12
12 17
12 13
13 12
13 11
11 13
11 10
10 11
10 8
8 10
8 7
7 8
7 2
2 7
2 4
4 2
4 6
6 4
6 5
5 6
5 3
3 5
3 1
1 3
1 16
16 1
16 0
0 16
