21 1
1 21
1 37
37 1
37 3
3 37
3 43
43 3
43 31
31 43
31 27
27 31
27 7
7 27
7 6
6 7
6 36
36 6
36 42
42 36
42 35
35 42
35 17
17 35
17 14
14 17
14 39
39 14
39 0
0 39
0 22
22 0
22 25
25 22
25 28
28 25
28 16
16 28
16 15
15 16
15 40
40 15
40 44
44 40
44 34
34 44
34 2
2 34
2 45
45 2
45 20
20 45
20 29
29 20
29 33
33 29
33 38
38 33
38 10
10 38
10 12
12 10
12 30
30 12
30 9
9 30
9 48
48 9
48 47
47 48
47 13
13 47
13 46
46 13
46 18
18 46
18 4
4 18
4 5
5 4
5 41
41 5
41 8
8 41
8 11
11 8
11 19
19 11
19 23
23 19
23 32
32 23
32 26
26 32
26 24
24 26
24 21
21 24
