24 42
42 24
42 23
23 42
23 12
12 23
12 21
21 12
21 9
9 21
9 22
22 9
22 31
31 22
31 16
16 31
16 13
13 16
13 32
32 13
32 3
3 32
3 11
11 3
11 8
8 11
8 15
15 8
15 26
26 15
26 38
38 26
38 18
18 38
18 0
0 18
0 20
20 0
20 4
4 20
4 6
6 4
6 2
2 6
2 7
7 2
7 47
47 7
47 36
36 47
36 35
35 36
35 28
28 35
28 40
40 28
40 30
30 40
30 33
33 30
33 5
5 33
5 27
27 5
27 10
10 27
10 17
17 10
17 14
14 17
14 29
29 14
29 48
48 29
48 25
25 48
25 1
1 25
1 45
45 1
45 19
19 45
19 43
43 19
43 39
39 43
39 41
41 39
41 44
44 41
44 37
37 44
37 34
34 37
34 46
46 34
46 24
24 46
