6 14
14 6
14 17
17 14
17 27
27 17
27 35
35 27
35 38
38 35
38 48
48 38
48 3
3 48
3 7
7 3
7 20
20 7
20 24
24 20
24 28
28 24
28 41
41 28
41 45
45 41
45 2
2 45
2 5
5 2
5 23
23 5
23 26
26 23
26 44
44 26
44 47
47 44
47 4
4 47
4 22
22 4
22 25
25 22
25 43
43 25
43 46
46 43
46 10
10 46
10 13
13 10
13 21
21 13
21 31
31 21
31 42
42 31
42 16
16 42
16 19
19 16
19 37
37 19
37 40
40 37
40 15
15 40
15 18
18 15
18 36
36 18
36 39
39 36
39 9
9 39
9 12
12 9
12 30
30 12
30 33
33 30
33 8
8 33
8 11
11 8
11 32
32 11
32 0
0 32
0 29
29 0
29 34
34 29
34 1
1 34
1 6
6 1
