0 1 -42.906071
0 2 -44.245447
0 7 -42.153687
0 8 -42.019380
0 9 -45.220043
0 14 -46.170555
0 15 -51.052734
0 16 -46.079002
1 0 -46.060245
1 2 -48.292595
1 3 -54.824995
1 7 -49.278911
1 8 -49.544976
1 9 -45.465147
1 10 -47.551890
1 14 -50.165883
1 15 -52.675978
1 16 -54.284968
1 17 -40.827795
2 0 -43.837194
2 1 -40.566721
2 3 -44.634280
2 4 -44.011884
2 7 -44.426614
2 8 -44.776374
2 9 -49.041997
2 10 -50.437352
2 11 -49.459509
2 14 -51.232947
2 15 -50.820439
2 16 -43.762843
2 17 -42.675013
2 18 -41.528756
3 1 -48.955647
3 2 -40.447237
3 4 -46.097626
3 5 -47.007782
3 8 -46.696805
3 9 -53.997899
3 10 -49.556369
3 11 -52.249726
3 12 -53.171079
3 15 -42.342601
3 16 -40.648766
3 17 -42.654992
3 18 -52.928455
3 19 -41.097616
4 2 -41.402640
4 3 -44.715717
4 5 -51.634435
4 6 -50.953158
4 9 -41.652202
4 10 -54.409673
4 11 -41.431480
4 12 -49.579942
4 13 -47.756614
4 16 -42.239332
4 17 -45.310612
4 18 -52.730481
4 19 -48.354173
4 20 -44.174865
5 3 -47.949491
5 4 -51.519338
5 6 -42.610898
5 10 -45.093266
5 11 -46.830968
5 12 -40.286127
5 13 -41.875376
5 17 -40.716452
5 18 -48.521815
5 19 -46.998412
5 20 -49.116603
6 4 -53.121802
6 5 -51.769674
6 11 -53.165601
6 12 -52.532263
6 13 -46.500945
6 18 -50.378463
6 19 -45.904523
6 20 -44.650508
7 0 -51.863818
7 1 -44.695025
7 2 -50.524291
7 8 -46.046757
7 9 -41.747401
7 14 -41.511757
7 15 -43.801371
7 16 -52.501251
7 21 -44.348823
7 22 -45.844944
7 23 -52.807769
8 0 -42.794479
8 1 -43.005901
8 2 -49.929515
8 3 -46.581052
8 7 -52.701707
8 9 -47.121488
8 10 -48.641346
8 14 -40.828438
8 15 -40.421689
8 16 -53.661935
8 17 -47.897012
8 21 -49.229663
8 22 -52.223632
8 23 -51.637669
8 24 -52.841875
9 0 -44.416439
9 1 -42.419003
9 2 -41.754349
9 3 -42.824000
9 4 -51.767056
9 7 -43.099422
9 8 -43.689973
9 10 -45.245421
9 11 -45.816388
9 14 -50.900247
9 15 -52.798870
9 16 -48.427433
9 17 -52.963104
9 18 -53.546995
9 21 -49.905198
9 22 -46.931205
9 23 -41.813674
9 24 -47.273138
9 25 -50.117714
10 1 -45.430045
10 2 -47.509492
10 3 -44.982397
10 4 -50.666565
10 5 -51.599628
10 8 -51.795488
10 9 -46.621337
10 11 -43.084614
10 12 -49.329232
10 15 -44.431846
10 16 -54.196081
10 17 -48.995649
10 18 -46.900073
10 19 -53.230340
10 22 -48.341083
10 23 -54.464862
10 24 -48.824353
10 25 -46.421565
10 26 -47.300076
11 2 -42.361258
11 3 -54.768525
11 4 -50.893076
11 5 -51.456393
11 6 -44.864929
11 9 -42.054577
11 10 -54.213139
11 12 -46.213315
11 13 -51.577275
11 16 -41.742578
11 17 -42.813529
11 18 -46.348900
11 19 -53.620861
11 20 -47.971162
11 23 -51.957091
11 24 -43.261818
11 25 -40.436947
11 26 -40.255918
11 27 -45.821355
12 3 -43.690793
12 4 -43.639788
12 5 -44.472194
12 6 -47.671821
12 10 -47.036242
12 11 -44.777706
12 13 -53.123328
12 17 -46.812849
12 18 -51.334979
12 19 -44.754080
12 20 -53.143685
12 24 -48.708363
12 25 -43.008079
12 26 -54.826407
12 27 -41.418615
13 4 -54.722423
13 5 -41.728645
13 6 -46.690122
13 11 -44.488183
13 12 -41.712494
13 18 -47.338814
13 19 -50.421765
13 20 -52.838586
13 25 -44.761487
13 26 -48.573957
13 27 -54.735103
14 0 -50.371530
14 1 -42.120253
14 2 -42.216729
14 7 -44.324051
14 8 -44.804589
14 9 -43.847383
14 15 -46.273674
14 16 -42.329258
14 21 -51.153243
14 22 -40.450835
14 23 -52.798356
14 28 -43.548082
14 29 -47.611203
14 30 -53.159269
15 0 -53.790402
15 1 -45.934000
15 2 -47.595533
15 3 -46.994062
15 7 -54.898054
15 8 -42.110671
15 9 -41.199894
15 10 -44.406926
15 14 -41.720231
15 16 -54.044870
15 17 -47.349334
15 21 -49.721594
15 22 -45.230696
15 23 -42.705983
15 24 -49.502643
15 28 -40.072164
15 29 -47.048815
15 30 -41.288998
15 31 -52.869768
16 0 -46.203167
16 1 -53.575555
16 2 -53.206968
16 3 -54.809015
16 4 -48.993434
16 7 -41.716822
16 8 -44.240749
16 9 -44.315248
16 10 -42.909893
16 11 -43.339700
16 14 -46.036513
16 15 -45.236706
16 17 -41.002042
16 18 -50.162268
16 21 -48.527421
16 22 -42.623603
16 23 -52.262355
16 24 -40.556781
16 25 -48.603838
16 28 -42.659458
16 29 -41.047494
16 30 -44.858502
16 31 -47.501912
16 32 -51.135980
17 1 -49.963322
17 2 -45.731517
17 3 -54.407098
17 4 -41.370565
17 5 -48.547588
17 8 -54.366339
17 9 -54.143083
17 10 -52.453603
17 11 -40.671301
17 12 -41.565171
17 15 -43.567575
17 16 -54.131674
17 18 -49.528192
17 19 -43.945821
17 22 -50.927175
17 23 -43.202327
17 24 -42.385312
17 25 -44.386608
17 26 -52.672579
17 29 -40.017041
17 30 -47.745214
17 31 -45.241099
17 32 -47.464585
17 33 -45.402274
18 2 -40.046611
18 3 -48.600829
18 4 -49.102679
18 5 -51.935208
18 6 -52.698343
18 9 -41.675297
18 10 -47.502196
18 11 -42.900667
18 12 -46.028527
18 13 -52.423133
18 16 -40.795124
18 17 -46.802328
18 19 -47.445460
18 20 -40.577280
18 23 -43.886458
18 24 -46.628295
18 25 -40.850536
18 26 -51.083219
18 27 -47.554242
18 30 -41.163623
18 31 -54.169347
18 32 -41.045586
18 33 -41.156884
18 34 -48.424462
19 3 -46.435972
19 4 -41.123107
19 5 -43.601652
19 6 -40.417176
19 10 -40.047420
19 11 -48.765330
19 12 -46.285209
19 13 -45.209881
19 17 -52.874331
19 18 -52.292751
19 20 -45.744460
19 24 -48.445681
19 25 -48.273049
19 26 -43.578315
19 27 -44.873498
19 31 -47.600914
19 32 -47.909800
19 33 -42.115562
19 34 -50.122377
20 4 -43.755012
20 5 -43.007802
20 6 -48.567446
20 11 -46.114219
20 12 -50.861295
20 13 -49.295237
20 18 -43.494257
20 19 -47.909357
20 25 -47.740292
20 26 -42.537609
20 27 -49.143602
20 32 -44.849719
20 33 -41.928613
20 34 -40.545274
21 7 -41.255235
21 8 -51.398104
21 9 -42.249246
21 14 -52.160171
21 15 -54.855502
21 16 -47.069110
21 22 -47.582327
21 23 -52.678463
21 28 -49.941514
21 29 -50.677433
21 30 -49.435984
21 35 -50.012057
21 36 -45.639746
21 37 -47.021751
22 7 -41.248256
22 8 -41.875999
22 9 -53.345858
22 10 -52.719221
22 14 -54.921547
22 15 -50.373320
22 16 -51.709254
22 17 -48.838828
22 21 -44.795266
22 23 -51.997920
22 24 -51.234693
22 28 -43.124361
22 29 -41.935979
22 30 -54.558719
22 31 -45.101343
22 35 -46.761459
22 36 -44.040173
22 37 -53.770060
22 38 -47.872994
23 7 -51.662084
23 8 -52.992038
23 9 -40.658231
23 10 -50.356322
23 11 -48.772156
23 14 -41.260459
23 15 -53.328584
23 16 -50.185739
23 17 -47.719861
23 18 -53.788882
23 21 -42.396150
23 22 -50.399504
23 24 -47.873411
23 25 -47.360563
23 28 -48.686947
23 29 -51.424192
23 30 -51.627440
23 31 -53.931463
23 32 -53.846972
23 35 -46.146612
23 36 -41.018943
23 37 -54.498945
23 38 -47.738106
23 39 -42.484460
24 8 -53.177670
24 9 -53.103683
24 10 -53.615743
24 11 -44.826769
24 12 -53.664505
24 15 -48.035978
24 16 -48.163801
24 17 -42.029121
24 18 -46.302662
24 19 -54.626180
24 22 -47.084495
24 23 -53.649822
24 25 -46.164889
24 26 -43.505653
24 29 -44.507975
24 30 -53.563470
24 31 -53.335470
24 32 -47.357374
24 33 -47.889806
24 36 -52.510049
24 37 -40.093260
24 38 -50.506401
24 39 -42.191125
24 40 -50.322377
25 9 -45.633731
25 10 -54.815259
25 11 -50.852697
25 12 -42.581328
25 13 -41.428652
25 16 -40.049717
25 17 -45.138538
25 18 -42.067718
25 19 -48.705734
25 20 -41.153170
25 23 -53.626661
25 24 -42.875778
25 26 -43.848647
25 27 -42.432082
25 30 -44.160202
25 31 -45.267348
25 32 -49.604149
25 33 -52.785430
25 34 -53.287298
25 37 -49.216803
25 38 -49.555888
25 39 -45.767346
25 40 -52.211921
25 41 -52.170264
26 10 -44.129867
26 11 -48.539039
26 12 -54.104608
26 13 -46.260697
26 17 -46.582400
26 18 -44.287756
26 19 -48.699494
26 20 -52.862210
26 24 -45.940154
26 25 -41.416440
26 27 -48.422531
26 31 -49.983737
26 32 -42.396794
26 33 -47.055896
26 34 -51.349422
26 38 -45.734205
26 39 -45.890963
26 40 -41.479824
26 41 -45.882282
27 11 -47.901023
27 12 -44.129132
27 13 -54.768002
27 18 -46.731820
27 19 -45.419347
27 20 -46.951997
27 25 -49.521880
27 26 -44.431714
27 32 -45.946333
27 33 -53.170096
27 34 -42.480185
27 39 -48.505247
27 40 -53.288158
27 41 -49.033505
28 14 -49.641047
28 15 -42.266827
28 16 -52.728755
28 21 -54.247471
28 22 -47.943603
28 23 -46.356559
28 29 -48.091725
28 30 -51.118801
28 35 -45.737683
28 36 -51.342201
28 37 -45.095918
28 42 -40.078219
28 43 -45.776016
28 44 -41.944795
29 14 -51.935081
29 15 -50.685386
29 16 -53.473929
29 17 -48.054912
29 21 -46.320637
29 22 -48.552554
29 23 -43.542777
29 24 -47.006061
29 28 -52.743268
29 30 -43.569478
29 31 -41.903965
29 35 -46.652220
29 36 -50.884184
29 37 -50.692448
29 38 -45.033767
29 42 -52.616814
29 43 -44.246266
29 44 -50.645702
29 45 -40.431667
30 14 -54.905276
30 15 -49.000026
30 16 -53.599707
30 17 -49.490795
30 18 -49.187372
30 21 -47.006007
30 22 -46.291151
30 23 -44.894116
30 24 -45.379276
30 25 -46.150837
30 28 -47.281119
30 29 -42.815538
30 31 -54.086203
30 32 -52.144998
30 35 -52.071700
30 36 -40.639971
30 37 -41.519845
30 38 -45.979991
30 39 -54.125851
30 42 -51.648202
30 43 -45.959494
30 44 -44.379179
30 45 -48.832661
30 46 -54.083858
31 15 -51.759093
31 16 -53.734215
31 17 -41.829724
31 18 -53.674793
31 19 -47.291921
31 22 -51.636621
31 23 -54.355067
31 24 -51.154666
31 25 -42.523243
31 26 -49.340960
31 29 -53.046678
31 30 -44.413111
31 32 -44.789480
31 33 -54.886194
31 36 -51.558430
31 37 -41.979904
31 38 -54.342241
31 39 -54.666546
31 40 -42.946833
31 43 -52.382347
31 44 -41.546647
31 45 -43.483926
31 46 -42.656290
31 47 -47.622426
32 16 -40.014466
32 17 -45.024671
32 18 -44.678632
32 19 -43.540729
32 20 -51.006605
32 23 -42.073287
32 24 -43.902161
32 25 -54.263316
32 26 -46.475474
32 27 -53.284896
32 30 -41.937689
32 31 -46.301031
32 33 -40.907522
32 34 -52.307846
32 37 -40.601539
32 38 -41.918780
32 39 -49.860744
32 40 -51.598968
32 41 -44.166524
32 44 -46.639581
32 45 -40.401073
32 46 -40.709281
32 47 -54.541981
32 48 -40.677753
33 17 -50.821882
33 18 -40.630214
33 19 -54.290497
33 20 -52.292119
33 24 -47.914780
33 25 -48.409228
33 26 -42.457757
33 27 -47.441923
33 31 -51.579770
33 32 -49.414044
33 34 -53.409550
33 38 -46.496560
33 39 -52.616911
33 40 -45.849728
33 41 -40.977963
33 45 -41.254902
33 46 -52.289263
33 47 -47.314641
33 48 -43.770366
34 18 -53.592922
34 19 -41.608707
34 20 -53.251332
34 25 -54.932570
34 26 -54.407294
34 27 -42.914817
34 32 -52.574125
34 33 -52.754404
34 39 -44.972973
34 40 -47.954663
34 41 -45.669451
34 46 -46.238901
34 47 -48.603087
34 48 -47.862321
35 21 -45.675822
35 22 -54.288270
35 23 -54.591713
35 28 -53.502460
35 29 -51.419886
35 30 -47.755393
35 36 -48.401199
35 37 -53.433159
35 42 -48.904347
35 43 -46.263608
35 44 -51.222353
36 21 -43.367762
36 22 -44.917058
36 23 -45.685616
36 24 -49.752769
36 28 -48.168288
36 29 -40.043548
36 30 -40.060799
36 31 -51.908562
36 35 -52.425876
36 37 -48.888403
36 38 -48.378776
36 42 -54.572727
36 43 -44.118304
36 44 -49.990741
36 45 -53.801656
37 21 -48.698779
37 22 -53.306232
37 23 -46.188869
37 24 -54.482446
37 25 -53.924141
37 28 -52.003016
37 29 -42.122034
37 30 -49.448443
37 31 -43.129895
37 32 -47.358890
37 35 -52.303208
37 36 -47.939611
37 38 -44.675570
37 39 -40.323595
37 42 -46.794485
37 43 -43.572298
37 44 -44.390219
37 45 -54.576252
37 46 -44.211995
38 22 -45.130661
38 23 -47.068957
38 24 -48.512201
38 25 -42.486291
38 26 -49.092308
38 29 -47.336959
38 30 -42.286514
38 31 -49.004865
38 32 -43.463500
38 33 -41.552174
38 36 -48.045090
38 37 -40.480108
38 39 -48.296697
38 40 -42.021636
38 43 -50.449162
38 44 -43.962182
38 45 -41.588209
38 46 -50.990588
38 47 -42.778996
39 23 -41.494892
39 24 -50.684526
39 25 -44.858442
39 26 -40.755361
39 27 -46.358525
39 30 -44.042464
39 31 -52.910881
39 32 -53.655259
39 33 -41.848553
39 34 -52.501414
39 37 -40.645931
39 38 -41.525496
39 40 -54.653106
39 41 -52.790987
39 44 -46.472284
39 45 -49.957602
39 46 -49.612532
39 47 -40.685607
39 48 -47.324506
40 24 -50.164186
40 25 -52.947670
40 26 -44.226688
40 27 -49.472430
40 31 -41.954662
40 32 -40.513061
40 33 -43.114420
40 34 -42.359961
40 38 -49.559849
40 39 -48.893534
40 41 -53.195874
40 45 -40.543339
40 46 -53.553027
40 47 -49.249063
40 48 -46.757591
41 25 -51.567481
41 26 -50.611375
41 27 -43.570233
41 32 -43.384692
41 33 -44.900458
41 34 -44.692508
41 39 -41.809227
41 40 -50.901656
41 46 -41.005833
41 47 -50.810035
41 48 -49.650163
42 28 -43.946963
42 29 -42.396966
42 30 -41.930278
42 35 -41.646172
42 36 -54.077669
42 37 -43.990870
42 43 -52.124742
42 44 -45.514597
43 28 -53.397843
43 29 -51.106959
43 30 -49.656079
43 31 -43.627840
43 35 -40.107117
43 36 -48.588785
43 37 -53.572587
43 38 -46.038361
43 42 -47.761299
43 44 -54.508556
43 45 -46.466897
44 28 -49.312951
44 29 -48.982991
44 30 -46.904367
44 31 -42.755744
44 32 -52.642799
44 35 -45.299587
44 36 -46.448789
44 37 -47.416292
44 38 -47.783949
44 39 -50.893491
44 42 -46.929948
44 43 -43.171273
44 45 -44.015194
44 46 -50.805092
45 29 -47.129256
45 30 -43.952919
45 31 -46.572842
45 32 -40.873927
45 33 -40.584506
45 36 -46.550439
45 37 -48.423910
45 38 -43.995938
45 39 -49.507531
45 40 -47.685998
45 43 -48.577014
45 44 -43.259802
45 46 -45.529495
45 47 -48.775016
46 30 -47.151592
46 31 -45.804524
46 32 -49.809245
46 33 -42.527954
46 34 -52.215523
46 37 -41.336214
46 38 -49.316852
46 39 -46.355034
46 40 -46.389288
46 41 -50.329538
46 44 -51.805895
46 45 -54.109619
46 47 -49.182487
46 48 -42.672299
47 31 -52.197927
47 32 -54.884858
47 33 -49.191552
47 34 -41.024505
47 38 -49.459744
47 39 -42.142441
47 40 -53.278972
47 41 -45.470820
47 45 -54.315399
47 46 -45.662919
47 48 -41.451830
48 32 -41.818769
48 33 -44.832013
48 34 -45.703502
48 39 -52.874032
48 40 -47.972047
48 41 -50.538996
48 46 -49.779452
48 47 -50.742039
49 0 -41.367329
0 49 -41.367329
49 1 -53.114775
1 49 -53.114775
49 7 -51.227354
7 49 -51.227354
49 8 -46.677341
8 49 -46.677341
50 0 -41.472940
0 50 -41.472940
50 1 -40.642980
1 50 -40.642980
50 2 -52.897036
2 50 -52.897036
50 7 -44.721465
7 50 -44.721465
50 8 -48.171035
8 50 -48.171035
50 9 -53.886364
9 50 -53.886364
51 1 -50.516154
1 51 -50.516154
51 2 -51.092133
2 51 -51.092133
51 3 -53.120134
3 51 -53.120134
51 8 -50.374547
8 51 -50.374547
51 9 -46.514383
9 51 -46.514383
51 10 -47.544669
10 51 -47.544669
52 2 -43.448633
2 52 -43.448633
52 3 -53.138855
3 52 -53.138855
52 4 -52.316758
4 52 -52.316758
52 9 -52.932822
9 52 -52.932822
52 10 -40.981203
10 52 -40.981203
52 11 -40.554657
11 52 -40.554657
53 3 -50.502553
3 53 -50.502553
53 4 -49.208685
4 53 -49.208685
53 5 -41.846541
5 53 -41.846541
53 10 -51.733216
10 53 -51.733216
53 11 -47.086032
11 53 -47.086032
53 12 -50.419169
12 53 -50.419169
54 4 -40.247145
4 54 -40.247145
54 5 -46.483685
5 54 -46.483685
54 6 -40.122662
6 54 -40.122662
54 11 -46.459234
11 54 -46.459234
54 12 -46.083998
12 54 -46.083998
54 13 -52.484766
13 54 -52.484766
55 5 -41.075795
5 55 -41.075795
55 6 -42.572776
6 55 -42.572776
55 12 -40.011119
12 55 -40.011119
55 13 -51.052686
13 55 -51.052686
56 0 -54.037898
0 56 -54.037898
56 1 -47.161017
1 56 -47.161017
56 7 -42.986132
7 56 -42.986132
56 8 -51.679300
8 56 -51.679300
56 14 -46.113078
14 56 -46.113078
56 15 -48.599998
15 56 -48.599998
57 0 -52.555096
0 57 -52.555096
57 1 -48.796056
1 57 -48.796056
57 2 -47.998733
2 57 -47.998733
57 7 -52.735228
7 57 -52.735228
57 8 -54.153490
8 57 -54.153490
57 9 -45.672531
9 57 -45.672531
57 14 -46.358182
14 57 -46.358182
57 15 -41.195487
15 57 -41.195487
57 16 -51.193191
16 57 -51.193191
58 1 -40.206435
1 58 -40.206435
58 2 -51.996169
2 58 -51.996169
58 3 -41.368745
3 58 -41.368745
58 8 -53.283948
8 58 -53.283948
58 9 -46.793884
9 58 -46.793884
58 10 -48.786350
10 58 -48.786350
58 15 -45.649560
15 58 -45.649560
58 16 -50.164370
16 58 -50.164370
58 17 -50.766423
17 58 -50.766423
59 2 -52.969004
2 59 -52.969004
59 3 -41.179441
3 59 -41.179441
59 4 -54.576387
4 59 -54.576387
59 9 -40.034180
9 59 -40.034180
59 10 -49.221711
10 59 -49.221711
59 11 -49.301353
11 59 -49.301353
59 16 -49.153040
16 59 -49.153040
59 17 -41.303845
17 59 -41.303845
59 18 -49.881544
18 59 -49.881544
60 3 -51.181452
3 60 -51.181452
60 4 -40.915958
4 60 -40.915958
60 5 -54.334411
5 60 -54.334411
60 10 -46.911748
10 60 -46.911748
60 11 -51.670834
11 60 -51.670834
60 12 -52.040992
12 60 -52.040992
60 17 -54.162793
17 60 -54.162793
60 18 -41.401334
18 60 -41.401334
60 19 -47.062067
19 60 -47.062067
61 4 -44.920947
4 61 -44.920947
61 5 -47.223709
5 61 -47.223709
61 6 -52.508420
6 61 -52.508420
61 11 -54.349945
11 61 -54.349945
61 12 -49.393397
12 61 -49.393397
61 13 -51.683075
13 61 -51.683075
61 18 -40.978652
18 61 -40.978652
61 19 -42.053560
19 61 -42.053560
61 20 -48.344656
20 61 -48.344656
62 5 -42.499957
5 62 -42.499957
62 6 -47.028932
6 62 -47.028932
62 12 -47.085077
12 62 -47.085077
62 13 -49.484005
13 62 -49.484005
62 19 -43.171744
19 62 -43.171744
62 20 -42.896536
20 62 -42.896536
63 7 -44.719811
7 63 -44.719811
63 8 -41.319477
8 63 -41.319477
63 14 -54.235614
14 63 -54.235614
63 15 -48.451715
15 63 -48.451715
63 21 -49.312313
21 63 -49.312313
63 22 -42.991831
22 63 -42.991831
64 7 -41.924070
7 64 -41.924070
64 8 -52.265511
8 64 -52.265511
64 9 -42.625073
9 64 -42.625073
64 14 -42.648201
14 64 -42.648201
64 15 -42.290888
15 64 -42.290888
64 16 -53.619255
16 64 -53.619255
64 21 -49.504047
21 64 -49.504047
64 22 -41.222368
22 64 -41.222368
64 23 -54.218186
23 64 -54.218186
65 8 -50.634162
8 65 -50.634162
65 9 -46.132389
9 65 -46.132389
65 10 -42.317588
10 65 -42.317588
65 15 -50.895506
15 65 -50.895506
65 16 -46.349553
16 65 -46.349553
65 17 -50.338306
17 65 -50.338306
65 22 -41.198206
22 65 -41.198206
65 23 -41.579309
23 65 -41.579309
65 24 -46.418521
24 65 -46.418521
66 9 -48.230698
9 66 -48.230698
66 10 -45.637465
10 66 -45.637465
66 11 -43.413513
11 66 -43.413513
66 16 -41.622378
16 66 -41.622378
66 17 -50.588472
17 66 -50.588472
66 18 -47.597726
18 66 -47.597726
66 23 -51.377411
23 66 -51.377411
66 24 -46.765041
24 66 -46.765041
66 25 -49.296558
25 66 -49.296558
67 10 -40.743058
10 67 -40.743058
67 11 -43.732822
11 67 -43.732822
67 12 -41.919317
12 67 -41.919317
67 17 -50.084966
17 67 -50.084966
67 18 -54.428102
18 67 -54.428102
67 19 -49.524511
19 67 -49.524511
67 24 -41.433515
24 67 -41.433515
67 25 -41.289495
25 67 -41.289495
67 26 -51.864993
26 67 -51.864993
68 11 -50.014594
11 68 -50.014594
68 12 -40.832719
12 68 -40.832719
68 13 -43.399371
13 68 -43.399371
68 18 -53.293628
18 68 -53.293628
68 19 -46.272252
19 68 -46.272252
68 20 -40.510956
20 68 -40.510956
68 25 -54.930955
25 68 -54.930955
68 26 -50.231594
26 68 -50.231594
68 27 -45.406624
27 68 -45.406624
69 12 -43.272028
12 69 -43.272028
69 13 -43.231821
13 69 -43.231821
69 19 -50.484526
19 69 -50.484526
69 20 -41.952247
20 69 -41.952247
69 26 -41.345157
26 69 -41.345157
69 27 -54.991578
27 69 -54.991578
70 14 -47.128036
14 70 -47.128036
70 15 -53.058084
15 70 -53.058084
70 21 -44.710028
21 70 -44.710028
70 22 -40.119611
22 70 -40.119611
70 28 -52.432409
28 70 -52.432409
70 29 -46.503437
29 70 -46.503437
71 14 -43.479925
14 71 -43.479925
71 15 -49.185534
15 71 -49.185534
71 16 -54.579244
16 71 -54.579244
71 21 -51.323860
21 71 -51.323860
71 22 -51.444723
22 71 -51.444723
71 23 -54.017672
23 71 -54.017672
71 28 -45.879987
28 71 -45.879987
71 29 -54.912090
29 71 -54.912090
71 30 -42.675582
30 71 -42.675582
72 15 -49.531920
15 72 -49.531920
72 16 -44.545739
16 72 -44.545739
72 17 -52.520521
17 72 -52.520521
72 22 -53.364502
22 72 -53.364502
72 23 -53.742492
23 72 -53.742492
72 24 -46.935178
24 72 -46.935178
72 29 -45.771160
29 72 -45.771160
72 30 -42.828079
30 72 -42.828079
72 31 -44.388411
31 72 -44.388411
73 16 -49.554449
16 73 -49.554449
73 17 -44.776523
17 73 -44.776523
73 18 -52.300141
18 73 -52.300141
73 23 -52.304165
23 73 -52.304165
73 24 -41.700605
24 73 -41.700605
73 25 -40.778799
25 73 -40.778799
73 30 -53.231686
30 73 -53.231686
73 31 -43.541675
31 73 -43.541675
73 32 -52.085077
32 73 -52.085077
74 17 -48.324404
17 74 -48.324404
74 18 -40.871710
18 74 -40.871710
74 19 -42.080276
19 74 -42.080276
74 24 -45.169205
24 74 -45.169205
74 25 -54.805482
25 74 -54.805482
74 26 -44.401814
26 74 -44.401814
74 31 -45.570873
31 74 -45.570873
74 32 -53.820177
32 74 -53.820177
74 33 -40.015371
33 74 -40.015371
75 18 -49.832456
18 75 -49.832456
75 19 -47.951402
19 75 -47.951402
75 20 -53.199873
20 75 -53.199873
75 25 -45.933497
25 75 -45.933497
75 26 -46.195910
26 75 -46.195910
75 27 -45.706114
27 75 -45.706114
75 32 -41.674658
32 75 -41.674658
75 33 -43.288967
33 75 -43.288967
75 34 -52.105748
34 75 -52.105748
76 19 -52.068867
19 76 -52.068867
76 20 -43.182768
20 76 -43.182768
76 26 -49.743302
26 76 -49.743302
76 27 -41.777340
27 76 -41.777340
76 33 -52.577805
33 76 -52.577805
76 34 -46.984835
34 76 -46.984835
77 21 -49.648093
21 77 -49.648093
77 22 -54.745077
22 77 -54.745077
77 28 -43.755954
28 77 -43.755954
77 29 -50.033601
29 77 -50.033601
77 35 -49.584954
35 77 -49.584954
77 36 -43.501811
36 77 -43.501811
78 21 -54.176085
21 78 -54.176085
78 22 -49.215357
22 78 -49.215357
78 23 -49.716233
23 78 -49.716233
78 28 -42.505741
28 78 -42.505741
78 29 -53.346890
29 78 -53.346890
78 30 -52.499236
30 78 -52.499236
78 35 -41.547913
35 78 -41.547913
78 36 -51.563517
36 78 -51.563517
78 37 -43.802219
37 78 -43.802219
79 22 -49.364793
22 79 -49.364793
79 23 -49.091505
23 79 -49.091505
79 24 -51.354906
24 79 -51.354906
79 29 -42.574756
29 79 -42.574756
79 30 -40.843370
30 79 -40.843370
79 31 -52.734499
31 79 -52.734499
79 36 -49.862747
36 79 -49.862747
79 37 -46.260939
37 79 -46.260939
79 38 -53.245886
38 79 -53.245886
80 23 -46.275695
23 80 -46.275695
80 24 -41.017200
24 80 -41.017200
80 25 -53.935022
25 80 -53.935022
80 30 -45.590968
30 80 -45.590968
80 31 -53.121637
31 80 -53.121637
80 32 -47.853229
32 80 -47.853229
80 37 -45.130172
37 80 -45.130172
80 38 -40.128530
38 80 -40.128530
80 39 -51.267905
39 80 -51.267905
81 24 -52.213549
24 81 -52.213549
81 25 -40.303665
25 81 -40.303665
81 26 -52.762362
26 81 -52.762362
81 31 -47.770318
31 81 -47.770318
81 32 -40.158218
32 81 -40.158218
81 33 -42.389930
33 81 -42.389930
81 38 -45.167475
38 81 -45.167475
81 39 -41.572878
39 81 -41.572878
81 40 -42.822887
40 81 -42.822887
82 25 -52.286768
25 82 -52.286768
82 26 -43.844814
26 82 -43.844814
82 27 -45.385144
27 82 -45.385144
82 32 -43.133424
32 82 -43.133424
82 33 -51.894343
33 82 -51.894343
82 34 -54.413514
34 82 -54.413514
82 39 -54.249010
39 82 -54.249010
82 40 -49.568478
40 82 -49.568478
82 41 -42.548022
41 82 -42.548022
83 26 -42.981770
26 83 -42.981770
83 27 -49.498350
27 83 -49.498350
83 33 -46.119296
33 83 -46.119296
83 34 -40.798609
34 83 -40.798609
83 40 -44.616080
40 83 -44.616080
83 41 -49.075559
41 83 -49.075559
84 28 -51.702240
28 84 -51.702240
84 29 -45.141644
29 84 -45.141644
84 35 -41.354373
35 84 -41.354373
84 36 -46.195000
36 84 -46.195000
84 42 -46.726352
42 84 -46.726352
84 43 -42.267603
43 84 -42.267603
85 28 -46.137713
28 85 -46.137713
85 29 -49.332050
29 85 -49.332050
85 30 -40.572550
30 85 -40.572550
85 35 -41.169437
35 85 -41.169437
85 36 -41.911109
36 85 -41.911109
85 37 -44.875770
37 85 -44.875770
85 42 -51.735485
42 85 -51.735485
85 43 -44.625571
43 85 -44.625571
85 44 -49.794045
44 85 -49.794045
86 29 -48.974692
29 86 -48.974692
86 30 -41.213922
30 86 -41.213922
86 31 -45.567456
31 86 -45.567456
86 36 -41.493447
36 86 -41.493447
86 37 -45.285159
37 86 -45.285159
86 38 -54.587136
38 86 -54.587136
86 43 -53.363599
43 86 -53.363599
86 44 -50.445600
44 86 -50.445600
86 45 -54.402210
45 86 -54.402210
87 30 -50.339465
30 87 -50.339465
87 31 -42.888499
31 87 -42.888499
87 32 -45.426357
32 87 -45.426357
87 37 -52.514165
37 87 -52.514165
87 38 -51.520905
38 87 -51.520905
87 39 -45.397189
39 87 -45.397189
87 44 -48.569219
44 87 -48.569219
87 45 -52.217135
45 87 -52.217135
87 46 -49.174782
46 87 -49.174782
88 31 -50.671454
31 88 -50.671454
88 32 -46.843631
32 88 -46.843631
88 33 -45.955088
33 88 -45.955088
88 38 -53.413308
38 88 -53.413308
88 39 -41.532572
39 88 -41.532572
88 40 -42.753625
40 88 -42.753625
88 45 -51.942717
45 88 -51.942717
88 46 -48.613058
46 88 -48.613058
88 47 -47.970331
47 88 -47.970331
89 32 -50.969752
32 89 -50.969752
89 33 -44.283429
33 89 -44.283429
89 34 -51.065309
34 89 -51.065309
89 39 -47.707296
39 89 -47.707296
89 40 -43.917111
40 89 -43.917111
89 41 -54.058200
41 89 -54.058200
89 46 -46.655304
46 89 -46.655304
89 47 -42.065148
47 89 -42.065148
89 48 -50.939284
48 89 -50.939284
90 33 -50.002451
33 90 -50.002451
90 34 -53.548091
34 90 -53.548091
90 40 -47.537576
40 90 -47.537576
90 41 -40.742007
41 90 -40.742007
90 47 -45.044733
47 90 -45.044733
90 48 -52.374944
48 90 -52.374944
91 35 -47.740001
35 91 -47.740001
91 36 -51.940225
36 91 -51.940225
91 42 -41.870881
42 91 -41.870881
91 43 -50.894669
43 91 -50.894669
92 35 -54.464140
35 92 -54.464140
92 36 -51.221420
36 92 -51.221420
92 37 -41.239321
37 92 -41.239321
92 42 -51.743666
42 92 -51.743666
92 43 -49.638640
43 92 -49.638640
92 44 -45.514495
44 92 -45.514495
93 36 -52.396447
36 93 -52.396447
93 37 -54.815741
37 93 -54.815741
93 38 -40.068863
38 93 -40.068863
93 43 -52.634923
43 93 -52.634923
93 44 -42.427156
44 93 -42.427156
93 45 -49.384556
45 93 -49.384556
94 37 -40.107184
37 94 -40.107184
94 38 -50.188309
38 94 -50.188309
94 39 -43.966457
39 94 -43.966457
94 44 -53.882306
44 94 -53.882306
94 45 -47.916329
45 94 -47.916329
94 46 -52.524520
46 94 -52.524520
95 38 -43.126682
38 95 -43.126682
95 39 -48.524032
39 95 -48.524032
95 40 -40.406109
40 95 -40.406109
95 45 -53.823902
45 95 -53.823902
95 46 -45.481163
46 95 -45.481163
95 47 -43.982294
47 95 -43.982294
96 39 -52.033443
39 96 -52.033443
96 40 -45.811845
40 96 -45.811845
96 41 -45.524978
41 96 -45.524978
96 46 -44.813797
46 96 -44.813797
96 47 -43.829988
47 96 -43.829988
96 48 -42.232722
48 96 -42.232722
97 40 -44.476844
40 97 -44.476844
97 41 -40.105002
41 97 -40.105002
97 47 -54.989265
47 97 -54.989265
97 48 -43.087586
48 97 -43.087586
