0 40
40 0
40 80
80 40
80 93
93 80
93 97
97 93
97 99
99 97
99 98
98 99
98 96
96 98
96 95
95 96
95 94
94 95
94 92
92 94
92 91
91 92
91 90
90 91
90 83
83 90
83 87
87 83
87 89
89 87
89 88
88 89
88 86
86 88
86 85
85 86
85 84
84 85
84 82
82 84
82 81
81 82
81 74
74 81
74 78
78 74
78 79
79 78
79 77
77 79
77 76
76 77
76 75
75 76
75 73
73 75
73 72
72 73
72 71
71 72
71 70
70 71
70 63
63 70
63 67
67 63
67 69
69 67
69 68
68 69
68 66
66 68
66 65
65 66
65 64
64 65
64 62
62 64
62 61
61 62
61 60
60 61
60 53
53 60
53 57
57 53
57 59
59 57
59 58
58 59
58 56
56 58
56 55
55 56
55 54
54 55
54 52
52 54
52 51
51 52
51 50
50 51
50 43
43 50
43 47
47 43
47 49
49 47
49 48
48 49
48 46
46 48
46 45
45 46
45 44
44 45
44 42
42 44
42 41
41 42
41 34
34 41
34 38
38 34
38 39
39 38
39 37
37 39
37 36
36 37
36 35
35 36
35 33
33 35
33 32
32 33
32 30
30 32
30 23
23 30
23 27
27 23
27 29
29 27
29 28
28 29
28 26
26 28
26 25
25 26
25 24
24 25
24 22
22 24
22 21
21 22
21 20
20 21
20 13
13 20
13 17
17 13
17 19
19 17
19 18
18 19
18 16
16 18
16 15
15 16
15 14
14 15
14 12
12 14
12 11
11 12
11 10
10 11
10 3
3 10
3 7
7 3
7 9
9 7
9 8
8 9
8 6
6 8
6 5
5 6
5 4
4 5
4 2
2 4
2 1
1 2
1 31
31 1
31 0
0 31
