39 46
46 39
46 77
77 46
77 45
45 77
45 25
25 45
25 5
5 25
5 1
1 5
1 64
64 1
64 89
89 64
89 90
90 89
90 6
6 90
6 15
15 6
15 49
49 15
49 76
76 49
76 29
29 76
29 94
94 29
94 85
85 94
85 81
81 85
81 17
17 81
17 8
8 17
8 0
0 8
0 75
75 0
75 78
78 75
78 3
3 78
3 79
79 3
79 54
54 79
54 24
24 54
24 69
69 24
69 52
52 69
52 61
61 52
61 2
2 61
2 67
67 2
67 23
23 67
23 16
16 23
16 57
57 16
57 83
83 57
83 10
10 83
10 44
44 10
44 47
47 44
47 53
53 47
53 4
4 53
4 84
84 4
84 71
71 84
71 62
62 71
62 58
58 62
58 36
36 58
36 97
97 36
97 63
63 97
63 93
93 63
93 55
55 93
55 41
41 55
41 21
21 41
21 28
28 21
28 99
99 28
99 18
18 99
18 14
14 18
14 13
13 14
13 40
40 13
40 9
9 40
9 11
11 9
11 26
26 11
26 38
38 26
38 7
7 38
7 32
32 7
32 68
68 32
68 22
22 68
22 60
60 22
60 12
12 60
12 56
56 12
56 70
70 56
70 88
88 70
88 82
82 88
82 73
73 82
73 50
50 73
50 51
51 50
51 20
20 51
20 43
43 20
43 48
48 43
48 72
72 48
72 34
34 72
34 95
95 34
95 27
27 95
27 92
92 27
92 96
96 92
96 87
87 96
87 65
65 87
65 35
35 65
35 74
74 35
74 80
80 74
80 86
86 80
86 33
33 86
33 37
37 33
37 31
31 37
31 66
66 31
66 42
42 66
42 59
59 42
59 98
98 59
98 91
91 98
91 30
30 91
30 19
19 30
19 39
39 19
