62 73
73 62
73 69
69 73
69 76
76 69
76 74
74 76
74 43
43 74
43 26
26 43
26 14
14 26
14 72
72 14
72 51
51 72
51 64
64 51
64 17
17 64
17 82
82 17
82 54
54 82
54 88
88 54
88 75
75 88
75 47
47 75
47 78
78 47
78 38
38 78
38 90
90 38
90 0
0 90
0 80
80 0
80 66
66 80
66 91
91 66
91 55
55 91
55 37
37 55
37 28
28 37
28 95
95 28
95 58
58 95
58 21
21 58
21 13
13 21
13 33
33 13
33 94
94 33
94 68
68 94
68 39
39 68
39 46
46 39
46 30
30 46
30 11
11 30
11 40
40 11
40 60
60 40
60 59
59 60
59 31
31 59
31 65
65 31
65 29
29 65
29 35
35 29
35 67
67 35
67 61
61 67
61 98
98 61
98 92
92 98
92 18
18 92
18 1
1 18
1 15
15 1
15 50
50 15
50 99
99 50
99 45
45 99
45 23
23 45
23 89
89 23
89 97
97 89
97 9
9 97
9 42
42 9
42 77
77 42
77 20
20 77
20 5
5 20
5 48
48 5
48 96
96 48
96 49
49 96
49 36
36 49
36 93
93 36
93 22
22 93
22 3
3 22
3 6
6 3
6 86
86 6
86 85
85 86
85 25
25 85
25 24
24 25
24 83
83 24
83 70
70 83
70 16
16 70
16 7
7 16
7 44
44 7
44 32
32 44
32 10
10 32
10 52
52 10
52 63
63 52
63 53
53 63
53 34
34 53
34 4
4 34
4 84
84 4
84 71
71 84
71 8
8 71
8 79
79 8
79 19
19 79
19 57
57 19
57 87
87 57
87 2
2 87
2 12
12 2
12 56
56 12
56 81
81 56
81 27
27 81
27 41
41 27
41 62
62 41
