83 23
23 83
23 36
36 23
36 92
92 36
92 28
28 92
28 81
81 28
81 25
25 81
25 79
79 25
79 3
3 79
3 20
20 3
20 99
99 20
99 5
5 99
5 56
56 5
56 77
77 56
77 66
66 77
66 40
40 66
40 9
9 40
9 85
85 9
85 89
89 85
89 95
95 89
95 49
49 95
49 17
17 49
17 0
0 17
0 68
68 0
68 38
38 68
38 84
84 38
84 41
41 84
41 58
58 41
58 19
19 58
19 16
16 19
16 64
64 16
64 63
63 64
63 98
98 63
98 82
82 98
82 61
61 82
61 86
86 61
86 87
87 86
87 7
7 87
7 76
76 7
76 34
34 76
34 51
51 34
51 93
93 51
93 37
37 93
37 15
15 37
15 35
35 15
35 32
32 35
32 18
18 32
18 53
53 18
53 30
30 53
30 72
72 30
72 52
52 72
52 8
8 52
8 71
71 8
71 80
80 71
80 70
70 80
70 73
73 70
73 62
62 73
62 22
22 62
22 26
26 22
26 6
6 26
6 45
45 6
45 29
29 45
29 97
97 29
97 69
69 97
69 44
44 69
44 33
33 44
33 78
78 33
78 57
57 78
57 65
65 57
65 75
75 65
75 14
14 75
14 88
88 14
88 27
27 88
27 46
46 27
46 59
59 46
59 94
94 59
94 67
67 94
67 2
2 67
2 55
55 2
55 90
90 55
90 54
54 90
54 91
91 54
91 74
74 91
74 21
21 74
21 48
48 21
48 60
60 48
60 42
42 60
42 11
11 42
11 43
43 11
43 24
24 43
24 39
39 24
39 47
47 39
47 96
96 47
96 1
1 96
1 13
13 1
13 31
31 13
31 50
50 31
50 12
12 50
12 4
4 12
4 10
10 4
10 83
83 10
