3 9
9 3
9 26
26 9
26 31
31 26
31 54
54 31
54 68
68 54
68 82
82 68
82 96
96 82
96 1
1 96
1 17
17 1
17 34
34 17
34 49
49 34
49 51
51 49
51 66
66 51
66 93
93 66
93 98
98 93
98 10
10 98
10 15
15 10
15 29
29 15
29 43
43 29
43 57
57 43
57 60
60 57
60 84
84 60
84 89
89 84
89 8
8 89
8 14
14 8
14 20
20 14
20 46
46 20
46 52
52 46
52 69
69 52
69 85
85 69
85 91
91 85
91 16
16 91
16 21
21 16
21 39
39 21
39 44
44 39
44 67
67 44
67 72
72 67
72 95
95 72
95 13
13 95
13 28
28 13
28 30
30 28
30 45
45 30
45 62
62 45
62 77
77 62
77 94
94 77
94 6
6 94
6 23
23 6
23 38
38 23
38 40
40 38
40 55
55 40
55 83
83 55
83 88
88 83
88 7
7 88
7 11
11 7
11 35
35 11
35 58
58 35
58 63
63 58
63 80
80 63
80 86
86 80
86 2
2 86
2 25
25 2
25 41
41 25
41 59
59 41
59 64
64 59
64 87
87 64
87 92
92 87
92 12
12 92
12 19
19 12
19 36
36 19
36 53
53 36
53 78
78 53
78 81
81 78
81 0
0 81
0 5
5 0
5 33
33 5
33 56
56 33
56 61
61 56
61 79
79 61
79 4
4 79
4 42
42 4
42 47
47 42
47 70
70 47
70 75
75 70
75 99
99 75
99 24
24 99
24 48
48 24
48 50
50 48
50 65
65 50
65 97
97 65
97 27
27 97
27 32
32 27
32 74
74 32
74 90
90 74
90 22
22 90
22 37
37 22
37 73
73 37
73 71
71 73
71 76
76 71
76 18
18 76
18 3
3 18
