0 1 -51.216441
0 2 -52.487926
0 3 -48.129122
0 4 -54.948831
0 10 -41.064299
0 11 -40.346787
0 12 -40.634297
0 13 -51.523621
0 20 -44.564989
0 21 -42.117439
0 22 -48.060166
0 30 -53.633702
0 31 -41.494335
0 40 -48.708135
1 0 -41.402354
1 2 -46.231979
1 3 -46.114158
1 4 -46.430704
1 5 -48.328222
1 10 -53.763133
1 11 -40.145630
1 12 -49.559796
1 13 -44.435435
1 14 -43.132323
1 20 -46.475480
1 21 -43.535899
1 22 -45.816547
1 23 -50.325440
1 30 -43.914378
1 31 -48.303777
1 32 -49.178362
1 41 -42.111124
2 0 -49.383226
2 1 -52.774895
2 3 -52.294091
2 4 -52.165653
2 5 -49.916094
2 6 -45.763182
2 10 -53.208785
2 11 -50.320402
2 12 -53.148858
2 13 -45.017659
2 14 -42.343354
2 15 -40.733040
2 20 -43.655106
2 21 -46.011505
2 22 -45.768281
2 23 -40.934518
2 24 -52.735738
2 31 -44.485626
2 32 -48.211327
2 33 -45.975732
2 42 -50.746087
3 0 -51.099721
3 1 -45.660945
3 2 -53.996550
3 4 -51.223919
3 5 -43.020763
3 6 -53.327241
3 7 -46.564774
3 10 -44.192860
3 11 -46.698851
3 12 -44.992299
3 13 -54.486231
3 14 -54.003237
3 15 -47.975886
3 16 -52.897953
3 21 -54.605008
3 22 -45.312120
3 23 -51.484894
3 24 -48.339397
3 25 -53.354744
3 32 -42.055599
3 33 -50.751821
3 34 -47.651140
3 43 -44.112648
4 0 -49.582542
4 1 -42.661841
4 2 -51.006523
4 3 -43.710163
4 5 -50.237430
4 6 -46.752382
4 7 -51.195785
4 8 -45.430215
4 11 -43.175437
4 12 -40.280095
4 13 -43.326236
4 14 -49.033513
4 15 -44.481197
4 16 -50.734076
4 17 -46.140179
4 22 -54.462567
4 23 -46.850045
4 24 -43.142162
4 25 -45.644134
4 26 -54.116259
4 33 -54.382402
4 34 -41.620804
4 35 -43.010706
4 44 -44.327262
5 1 -54.089207
5 2 -47.463345
5 3 -50.386770
5 4 -48.417564
5 6 -49.044341
5 7 -49.443299
5 8 -48.280664
5 9 -54.217122
5 12 -42.351775
5 13 -40.448922
5 14 -42.221189
5 15 -43.929764
5 16 -42.213821
5 17 -42.662477
5 18 -50.997625
5 23 -44.694834
5 24 -48.736608
5 25 -41.988676
5 26 -53.442599
5 27 -51.055705
5 34 -41.823858
5 35 -45.011879
5 36 -44.662249
5 45 -54.466115
6 2 -53.523111
6 3 -42.899462
6 4 -54.420249
6 5 -42.499297
6 7 -51.880542
6 8 -45.540949
6 9 -45.794253
6 13 -47.313735
6 14 -49.369399
6 15 -44.812109
6 16 -46.537653
6 17 -44.674961
6 18 -50.926785
6 19 -53.528997
6 24 -49.065391
6 25 -54.629192
6 26 -40.647053
6 27 -41.229005
6 28 -46.195673
6 35 -41.867788
6 36 -47.892146
6 37 -51.345286
6 46 -50.460502
7 3 -46.792090
7 4 -53.007995
7 5 -54.121925
7 6 -44.877803
7 8 -42.476492
7 9 -45.676361
7 14 -50.418216
7 15 -51.030359
7 16 -48.395240
7 17 -41.155275
7 18 -44.488741
7 19 -43.525104
7 25 -47.997503
7 26 -45.584594
7 27 -40.501655
7 28 -51.084482
7 29 -52.715196
7 36 -41.747325
7 37 -47.090296
7 38 -48.445584
7 47 -52.227630
8 4 -40.963992
8 5 -40.329589
8 6 -47.403277
8 7 -45.913400
8 9 -42.487221
8 15 -47.784522
8 16 -52.021411
8 17 -50.547571
8 18 -50.659501
8 19 -43.226295
8 26 -44.222941
8 27 -43.339981
8 28 -46.452235
8 29 -43.595583
8 37 -41.437306
8 38 -49.961659
8 39 -47.799137
8 48 -44.207039
9 5 -47.583299
9 6 -45.285411
9 7 -45.239960
9 8 -53.209247
9 16 -50.281603
9 17 -52.310615
9 18 -52.008411
9 19 -48.406111
9 27 -50.957652
9 28 -41.172257
9 29 -41.597420
9 38 -44.314720
9 39 -49.515271
9 49 -48.575935
10 0 -45.726274
10 1 -51.957213
10 2 -47.975500
10 3 -43.097168
10 11 -49.837428
10 12 -49.589804
10 13 -48.082015
10 14 -42.606617
10 20 -43.316592
10 21 -41.490087
10 22 -46.979232
10 23 -47.356513
10 30 -48.078091
10 31 -43.422732
10 32 -51.372463
10 40 -41.048441
10 41 -45.392030
10 50 -50.837258
11 0 -51.320973
11 1 -46.839103
11 2 -42.653681
11 3 -45.138099
11 4 -47.603881
11 10 -54.054302
11 12 -46.333950
11 13 -52.021542
11 14 -52.603442
11 15 -51.053402
11 20 -44.161645
11 21 -45.674095
11 22 -46.111101
11 23 -42.949080
11 24 -45.868640
11 30 -50.253733
11 31 -54.715482
11 32 -52.607847
11 33 -49.531975
11 40 -54.679768
11 41 -44.649517
11 42 -46.407468
11 51 -47.626543
12 0 -44.222166
12 1 -48.432147
12 2 -50.314106
12 3 -45.079131
12 4 -50.272774
12 5 -46.810020
12 10 -54.971303
12 11 -41.248417
12 13 -46.547158
12 14 -43.311601
12 15 -45.934320
12 16 -53.483619
12 20 -51.818527
12 21 -54.958941
12 22 -53.072507
12 23 -46.896532
12 24 -47.009076
12 25 -54.032220
12 30 -47.596342
12 31 -52.127208
12 32 -50.238064
12 33 -51.464561
12 34 -47.126079
12 41 -45.528068
12 42 -43.489495
12 43 -47.324030
12 52 -53.192187
13 0 -42.444523
13 1 -43.844744
13 2 -49.178074
13 3 -53.281850
13 4 -46.780218
13 5 -52.689682
13 6 -40.707807
13 10 -48.899916
13 11 -50.043963
13 12 -48.655350
13 14 -52.528865
13 15 -43.473371
13 16 -51.089028
13 17 -46.831408
13 20 -41.375754
13 21 -53.966558
13 22 -43.280616
13 23 -49.544587
13 24 -41.649443
13 25 -45.321973
13 26 -45.704627
13 31 -44.558865
13 32 -49.095390
13 33 -41.779538
13 34 -47.047947
13 35 -44.564230
13 42 -46.560427
13 43 -44.395129
13 44 -44.271625
13 53 -45.754296
14 1 -52.562538
14 2 -49.838565
14 3 -52.168408
14 4 -49.583500
14 5 -43.087772
14 6 -43.005205
14 7 -43.541124
14 10 -48.133010
14 11 -46.286431
14 12 -49.393591
14 13 -43.901713
14 15 -40.334021
14 16 -49.148306
14 17 -42.766599
14 18 -53.239623
14 21 -48.319953
14 22 -49.186612
14 23 -44.358018
14 24 -53.862726
14 25 -48.077094
14 26 -44.874827
14 27 -49.232416
14 32 -42.170958
14 33 -52.492084
14 34 -50.835021
14 35 -45.812969
14 36 -43.729818
14 43 -46.077566
14 44 -47.830520
14 45 -51.173552
14 54 -47.605458
15 2 -44.538686
15 3 -40.600629
15 4 -50.925368
15 5 -50.039283
15 6 -41.918439
15 7 -41.453559
15 8 -44.785929
15 11 -51.368472
15 12 -41.488378
15 13 -45.949907
15 14 -45.309755
15 16 -51.095029
15 17 -47.786233
15 18 -51.686798
15 19 -42.468127
15 22 -44.598777
15 23 -41.002445
15 24 -48.709855
15 25 -49.666984
15 26 -47.886777
15 27 -41.231222
15 28 -41.635026
15 33 -43.631894
15 34 -48.073413
15 35 -47.282697
15 36 -42.256225
15 37 -41.281673
15 44 -46.482764
15 45 -46.849874
15 46 -50.098513
15 55 -50.390222
16 3 -41.204293
16 4 -48.824065
16 5 -52.401685
16 6 -50.708649
16 7 -42.459424
16 8 -52.961545
16 9 -44.891222
16 12 -52.685333
16 13 -47.295116
16 14 -41.084951
16 15 -40.796065
16 17 -41.437300
16 18 -48.721305
16 19 -44.322906
16 23 -48.422169
16 24 -45.179751
16 25 -53.015525
16 26 -47.587325
16 27 -51.093947
16 28 -53.662370
16 29 -53.897361
16 34 -42.169104
16 35 -41.253292
16 36 -53.668125
16 37 -54.159208
16 38 -48.548600
16 45 -53.893977
16 46 -53.715824
16 47 -43.137633
16 56 -53.417139
17 4 -53.843071
17 5 -51.582940
17 6 -51.938582
17 7 -45.707186
17 8 -48.995606
17 9 -46.881284
17 13 -52.662086
17 14 -45.201891
17 15 -41.470274
17 16 -46.715250
17 18 -46.808095
17 19 -53.730339
17 24 -48.369002
17 25 -54.247409
17 26 -49.879277
17 27 -41.063382
17 28 -45.608743
17 29 -50.320239
17 35 -52.101992
17 36 -48.537983
17 37 -53.733012
17 38 -46.541219
17 39 -44.578501
17 46 -45.726110
17 47 -42.866951
17 48 -40.104222
17 57 -46.274125
18 5 -53.518107
18 6 -48.541306
18 7 -46.187158
18 8 -49.021679
18 9 -53.527435
18 14 -40.727932
18 15 -43.570056
18 16 -46.946802
18 17 -47.490249
18 19 -50.439396
18 25 -41.029995
18 26 -42.125872
18 27 -52.524610
18 28 -51.904139
18 29 -47.061870
18 36 -49.400529
18 37 -51.205345
18 38 -45.357680
18 39 -48.394279
18 47 -54.995481
18 48 -45.836018
18 49 -53.342948
18 58 -47.444838
19 6 -49.438784
19 7 -47.975192
19 8 -51.982646
19 9 -48.041709
19 15 -43.749548
19 16 -49.841194
19 17 -49.261904
19 18 -40.165757
19 26 -48.556103
19 27 -52.336300
19 28 -47.589977
19 29 -40.237342
19 37 -51.149600
19 38 -50.432609
19 39 -50.504785
19 48 -46.934263
19 49 -48.473612
19 59 -54.063041
20 0 -41.157552
20 1 -43.568785
20 2 -52.696465
20 10 -45.664302
20 11 -50.501233
20 12 -49.070864
20 13 -54.084028
20 21 -46.213767
20 22 -45.544104
20 23 -52.199067
20 24 -47.845331
20 30 -46.480782
20 31 -46.580193
20 32 -44.361283
20 33 -48.393691
20 40 -40.743777
20 41 -40.909281
20 42 -44.572544
20 50 -52.728451
20 51 -47.166262
20 60 -40.213643
21 0 -48.057751
21 1 -43.038008
21 2 -43.156814
21 3 -44.653922
21 10 -43.450050
21 11 -46.276738
21 12 -40.472876
21 13 -50.905717
21 14 -44.127702
21 20 -48.864709
21 22 -49.374678
21 23 -43.056592
21 24 -43.411818
21 25 -44.761068
21 30 -52.807767
21 31 -49.250164
21 32 -48.466016
21 33 -47.030662
21 34 -44.934733
21 40 -51.914659
21 41 -41.090473
21 42 -47.237439
21 43 -50.713567
21 50 -54.663076
21 51 -52.682125
21 52 -45.280143
21 61 -40.957651
22 0 -51.420679
22 1 -41.812208
22 2 -53.818682
22 3 -42.052870
22 4 -50.492289
22 10 -48.408295
22 11 -52.578959
22 12 -45.100072
22 13 -44.477875
22 14 -46.123230
22 15 -50.174491
22 20 -50.607883
22 21 -45.796642
22 23 -53.392978
22 24 -46.203561
22 25 -51.970403
22 26 -46.692922
22 30 -46.425041
22 31 -42.721650
22 32 -42.549683
22 33 -50.607176
22 34 -43.404983
22 35 -42.600708
22 40 -43.200577
22 41 -45.400488
22 42 -41.514950
22 43 -45.537414
22 44 -45.348749
22 51 -42.776099
22 52 -53.833135
22 53 -41.234269
22 62 -40.452063
23 1 -42.304129
23 2 -51.843983
23 3 -40.601663
23 4 -50.512418
23 5 -45.743417
23 10 -44.141991
23 11 -45.007113
23 12 -46.467116
23 13 -49.138932
23 14 -44.879402
23 15 -44.443348
23 16 -49.676396
23 20 -40.029871
23 21 -43.585859
23 22 -51.716605
23 24 -44.800801
23 25 -47.573838
23 26 -40.813881
23 27 -49.542099
23 30 -42.553649
23 31 -53.732222
23 32 -51.610218
23 33 -48.316322
23 34 -49.450895
23 35 -51.351424
23 36 -46.088646
23 41 -41.812744
23 42 -47.925271
23 43 -41.063307
23 44 -44.952762
23 45 -47.941719
23 52 -47.780718
23 53 -44.215145
23 54 -49.170534
23 63 -49.050388
24 2 -43.154621
24 3 -53.869440
24 4 -42.923344
24 5 -50.972860
24 6 -45.700038
24 11 -43.509109
24 12 -49.921494
24 13 -43.166544
24 14 -42.268837
24 15 -50.142370
24 16 -45.045439
24 17 -49.358944
24 20 -40.405912
24 21 -44.649304
24 22 -51.929988
24 23 -43.712169
24 25 -52.085124
24 26 -52.155286
24 27 -51.357319
24 28 -47.760262
24 31 -40.156807
24 32 -54.596813
24 33 -51.497844
24 34 -48.709854
24 35 -51.573795
24 36 -52.141349
24 37 -44.772021
24 42 -46.257755
24 43 -52.048270
24 44 -43.226959
24 45 -41.685321
24 46 -52.128774
24 53 -46.814578
24 54 -48.655851
24 55 -50.813658
24 64 -53.257096
25 3 -48.260043
25 4 -50.415068
25 5 -46.949133
25 6 -45.039429
25 7 -44.929448
25 12 -53.037752
25 13 -49.450663
25 14 -51.864359
25 15 -40.759893
25 16 -45.237384
25 17 -52.114832
25 18 -54.450921
25 21 -41.504887
25 22 -49.911636
25 23 -44.121311
25 24 -47.865519
25 26 -42.604745
25 27 -48.963747
25 28 -44.456605
25 29 -48.348766
25 32 -44.931440
25 33 -52.845700
25 34 -41.882645
25 35 -41.295861
25 36 -45.526215
25 37 -49.039558
25 38 -43.102144
25 43 -44.950354
25 44 -44.818280
25 45 -42.008189
25 46 -52.778400
25 47 -45.284484
25 54 -50.775746
25 55 -41.590451
25 56 -48.820629
25 65 -40.886038
26 4 -48.488822
26 5 -49.760128
26 6 -46.603022
26 7 -42.496083
26 8 -52.821595
26 13 -48.900206
26 14 -50.048350
26 15 -48.046848
26 16 -42.168290
26 17 -47.862460
26 18 -40.926200
26 19 -49.756630
26 22 -42.581129
26 23 -42.948163
26 24 -41.430784
26 25 -44.955913
26 27 -54.479331
26 28 -50.437145
26 29 -50.586304
26 33 -44.294156
26 34 -52.956232
26 35 -43.501799
26 36 -43.994048
26 37 -52.222870
26 38 -40.405650
26 39 -42.408315
26 44 -47.211623
26 45 -40.963481
26 46 -47.597193
26 47 -43.941432
26 48 -45.777797
26 55 -47.093218
26 56 -52.071979
26 57 -42.376679
26 66 -48.412445
27 5 -45.588518
27 6 -51.074942
27 7 -40.442573
27 8 -51.941504
27 9 -47.408410
27 14 -45.424107
27 15 -54.602348
27 16 -52.706235
27 17 -44.966137
27 18 -48.336050
27 19 -47.503016
27 23 -40.196249
27 24 -49.214426
27 25 -53.044353
27 26 -46.523604
27 28 -51.380418
27 29 -40.901210
27 34 -47.584146
27 35 -40.492710
27 36 -44.247329
27 37 -54.759111
27 38 -44.598461
27 39 -52.585466
27 45 -43.858173
27 46 -43.498772
27 47 -48.693584
27 48 -42.905507
27 49 -46.987923
27 56 -53.566999
27 57 -52.233527
27 58 -40.246879
27 67 -53.731925
28 6 -49.636048
28 7 -54.286090
28 8 -53.956639
28 9 -48.861925
28 15 -40.776572
28 16 -51.293464
28 17 -41.672410
28 18 -48.122879
28 19 -44.820554
28 24 -50.580722
28 25 -40.379483
28 26 -51.959054
28 27 -50.245599
28 29 -50.435782
28 35 -40.550739
28 36 -40.079384
28 37 -40.614480
28 38 -49.515956
28 39 -41.375240
28 46 -49.041155
28 47 -52.601541
28 48 -50.551764
28 49 -52.433669
28 57 -54.787801
28 58 -43.087631
28 59 -44.480641
28 68 -52.236360
29 7 -45.832892
29 8 -41.407206
29 9 -50.836630
29 16 -42.481088
29 17 -41.015508
29 18 -46.457668
29 19 -44.275935
29 25 -52.400135
29 26 -54.934588
29 27 -40.454490
29 28 -54.740542
29 36 -43.092496
29 37 -45.572922
29 38 -48.169533
29 39 -40.874626
29 47 -49.874471
29 48 -49.510551
29 49 -40.247263
29 58 -44.162223
29 59 -44.804846
29 69 -48.185358
30 0 -41.040408
30 1 -52.640759
30 10 -44.802040
30 11 -48.220852
30 12 -53.828428
30 20 -45.962127
30 21 -46.011872
30 22 -41.968036
30 23 -40.854958
30 31 -44.629462
30 32 -45.019766
30 33 -48.822478
30 34 -51.373674
30 40 -52.985105
30 41 -48.953658
30 42 -48.073280
30 43 -44.593219
30 50 -44.418124
30 51 -43.927384
30 52 -52.602791
30 60 -48.614505
30 61 -54.897658
30 70 -48.802045
31 0 -54.256829
31 1 -48.434322
31 2 -44.277961
31 10 -44.149016
31 11 -42.079391
31 12 -50.442949
31 13 -47.312211
31 20 -54.794774
31 21 -51.517427
31 22 -51.323390
31 23 -54.042776
31 24 -52.980702
31 30 -43.577067
31 32 -40.890944
31 33 -50.639174
31 34 -40.765782
31 35 -44.026589
31 40 -42.789021
31 41 -53.020707
31 42 -40.248951
31 43 -51.915930
31 44 -44.454009
31 50 -53.336617
31 51 -44.039332
31 52 -45.233299
31 53 -44.330463
31 60 -40.929061
31 61 -43.139403
31 62 -50.651240
31 71 -41.533040
32 1 -49.289942
32 2 -50.033272
32 3 -45.616957
32 10 -50.611216
32 11 -51.649723
32 12 -51.993251
32 13 -48.380127
32 14 -45.141792
32 20 -52.331763
32 21 -47.393065
32 22 -44.477398
32 23 -42.976755
32 24 -50.498427
32 25 -40.533627
32 30 -41.158850
32 31 -40.394251
32 33 -45.097518
32 34 -47.640073
32 35 -53.090706
32 36 -45.687221
32 40 -42.453550
32 41 -42.881996
32 42 -42.768423
32 43 -46.203628
32 44 -42.221418
32 45 -43.119498
32 50 -41.973779
32 51 -50.617159
32 52 -51.802200
32 53 -50.116009
32 54 -41.633594
32 61 -54.566011
32 62 -53.570782
32 63 -41.720275
32 72 -40.882436
33 2 -50.856433
33 3 -46.969204
33 4 -53.528496
33 11 -49.942595
33 12 -44.287267
33 13 -50.517193
33 14 -43.804495
33 15 -46.527804
33 20 -45.769550
33 21 -50.913832
33 22 -54.407287
33 23 -46.645071
33 24 -54.941455
33 25 -47.474145
33 26 -43.315195
33 30 -45.236884
33 31 -53.152446
33 32 -47.382362
33 34 -41.904196
33 35 -53.258367
33 36 -51.814521
33 37 -41.755773
33 40 -49.437962
33 41 -41.307241
33 42 -52.664335
33 43 -40.339017
33 44 -43.904048
33 45 -53.495683
33 46 -51.144779
33 51 -42.607837
33 52 -52.533459
33 53 -51.821394
33 54 -46.743239
33 55 -49.903653
33 62 -40.443295
33 63 -50.873008
33 64 -50.309630
33 73 -48.286623
34 3 -42.227471
34 4 -44.824768
34 5 -52.379441
34 12 -53.668712
34 13 -44.285716
34 14 -46.501669
34 15 -47.424519
34 16 -50.736745
34 21 -52.864067
34 22 -53.981496
34 23 -52.542247
34 24 -46.629648
34 25 -40.178708
34 26 -46.290676
34 27 -53.309541
34 30 -48.349172
34 31 -43.918467
34 32 -42.487907
34 33 -40.540475
34 35 -41.436160
34 36 -45.132874
34 37 -43.433917
34 38 -54.053179
34 41 -50.745998
34 42 -41.109637
34 43 -48.385318
34 44 -42.501382
34 45 -42.530716
34 46 -43.826044
34 47 -45.748553
34 52 -46.078917
34 53 -54.980607
34 54 -51.546974
34 55 -50.572891
34 56 -51.806760
34 63 -40.585860
34 64 -52.719996
34 65 -41.722455
34 74 -42.285080
35 4 -51.594554
35 5 -45.255125
35 6 -52.600767
35 13 -40.953021
35 14 -50.239855
35 15 -41.588224
35 16 -40.207121
35 17 -49.354585
35 22 -54.635460
35 23 -54.591468
35 24 -47.165278
35 25 -43.957299
35 26 -54.113019
35 27 -40.954857
35 28 -48.724199
35 31 -44.928284
35 32 -42.142298
35 33 -50.299691
35 34 -42.669841
35 36 -42.116679
35 37 -51.064794
35 38 -52.048315
35 39 -43.990836
35 42 -51.448190
35 43 -47.115246
35 44 -43.910538
35 45 -52.141173
35 46 -42.841223
35 47 -44.854392
35 48 -46.924741
35 53 -46.092252
35 54 -46.271030
35 55 -52.989104
35 56 -54.273570
35 57 -48.159470
35 64 -46.053953
35 65 -54.101968
35 66 -46.750098
35 75 -50.542430
36 5 -44.640822
36 6 -46.123402
36 7 -44.883394
36 14 -49.477090
36 15 -51.798352
36 16 -51.523818
36 17 -46.028899
36 18 -46.057940
36 23 -42.278410
36 24 -40.302535
36 25 -49.624725
36 26 -47.010911
36 27 -53.363570
36 28 -48.038296
36 29 -48.238994
36 32 -47.174504
36 33 -51.619667
36 34 -40.331276
36 35 -48.446048
36 37 -40.277495
36 38 -47.189849
36 39 -52.635748
36 43 -52.769659
36 44 -42.761485
36 45 -41.023056
36 46 -48.144989
36 47 -45.346874
36 48 -40.046312
36 49 -46.310719
36 54 -47.149263
36 55 -44.173733
36 56 -41.026868
36 57 -49.010856
36 58 -48.526602
36 65 -42.588881
36 66 -50.327021
36 67 -52.511067
36 76 -46.622494
37 6 -44.379136
37 7 -48.404857
37 8 -43.433327
37 15 -41.595701
37 16 -43.819287
37 17 -50.036727
37 18 -44.041359
37 19 -47.004044
37 24 -51.508539
37 25 -49.369673
37 26 -53.093438
37 27 -47.259171
37 28 -52.049355
37 29 -54.127548
37 33 -54.364327
37 34 -51.058102
37 35 -48.179895
37 36 -54.217844
37 38 -44.485168
37 39 -46.596156
37 44 -48.911175
37 45 -48.909444
37 46 -45.640065
37 47 -49.014512
37 48 -40.454508
37 49 -43.665580
37 55 -43.892729
37 56 -42.216611
37 57 -48.036962
37 58 -48.596951
37 59 -43.023903
37 66 -47.950186
37 67 -42.980782
37 68 -45.850027
37 77 -48.860851
38 7 -48.540168
38 8 -48.244318
38 9 -50.393534
38 16 -44.954640
38 17 -40.524545
38 18 -50.625600
38 19 -46.801843
38 25 -43.500374
38 26 -53.806612
38 27 -51.241587
38 28 -43.102805
38 29 -49.293545
38 34 -44.785546
38 35 -47.519324
38 36 -54.935579
38 37 -51.116421
38 39 -54.633369
38 45 -49.495861
38 46 -44.742353
38 47 -42.582616
38 48 -46.495667
38 49 -51.154818
38 56 -52.295794
38 57 -45.746946
38 58 -49.134576
38 59 -45.709977
38 67 -43.782034
38 68 -44.555233
38 69 -47.797742
38 78 -48.642765
39 8 -47.095559
39 9 -51.209976
39 17 -54.564192
39 18 -50.440703
39 19 -45.609468
39 26 -43.829381
39 27 -52.075815
39 28 -45.566413
39 29 -43.136670
39 35 -50.956111
39 36 -43.569992
39 37 -49.544163
39 38 -48.979516
39 46 -41.544066
39 47 -51.929065
39 48 -44.332834
39 49 -42.647281
39 57 -54.139159
39 58 -51.031036
39 59 -53.222947
39 68 -52.932326
39 69 -50.993592
39 79 -48.274082
40 0 -47.966071
40 10 -46.589614
40 11 -45.539040
40 20 -43.381334
40 21 -40.448360
40 22 -47.645863
40 30 -51.211047
40 31 -44.607964
40 32 -43.578701
40 33 -42.791079
40 41 -51.946313
40 42 -48.513020
40 43 -51.838494
40 44 -49.071016
40 50 -53.659488
40 51 -49.966385
40 52 -54.838454
40 53 -49.794087
40 60 -51.498045
40 61 -51.929897
40 62 -52.364409
40 70 -48.217717
40 71 -41.518865
40 80 -49.919002
41 1 -48.157649
41 10 -50.583506
41 11 -46.270107
41 12 -49.637723
41 20 -46.312849
41 21 -54.687409
41 22 -43.229105
41 23 -40.750100
41 30 -43.897320
41 31 -47.513060
41 32 -43.139230
41 33 -40.484699
41 34 -46.427110
41 40 -51.000089
41 42 -51.138553
41 43 -51.603061
41 44 -51.048834
41 45 -53.938968
41 50 -42.851907
41 51 -40.244020
41 52 -53.462941
41 53 -52.524608
41 54 -40.758663
41 60 -52.428954
41 61 -54.811846
41 62 -52.828154
41 63 -47.768610
41 70 -44.730899
41 71 -40.347719
41 72 -53.330915
41 81 -47.076725
42 2 -40.073965
42 11 -49.552771
42 12 -41.078464
42 13 -46.683716
42 20 -49.791283
42 21 -49.241413
42 22 -43.260088
42 23 -47.136049
42 24 -54.612871
42 30 -45.151169
42 31 -48.918361
42 32 -42.056611
42 33 -44.295059
42 34 -44.659766
42 35 -40.414873
42 40 -45.223240
42 41 -49.269653
42 43 -45.138293
42 44 -46.320750
42 45 -48.971180
42 46 -43.059539
42 50 -47.155382
42 51 -46.518571
42 52 -45.749368
42 53 -52.037169
42 54 -51.100044
42 55 -52.580617
42 60 -50.624057
42 61 -46.113083
42 62 -52.432619
42 63 -52.304921
42 64 -45.819940
42 71 -50.914272
42 72 -47.712620
42 73 -43.992894
42 82 -51.704282
43 3 -45.450602
43 12 -45.082036
43 13 -52.936985
43 14 -43.985471
43 21 -40.437074
43 22 -40.773565
43 23 -48.612038
43 24 -48.142918
43 25 -48.169348
43 30 -46.748894
43 31 -49.670504
43 32 -44.033887
43 33 -40.654449
43 34 -47.458463
43 35 -47.058686
43 36 -40.506750
43 40 -48.590444
43 41 -49.296263
43 42 -42.439164
43 44 -47.165420
43 45 -53.637794
43 46 -51.170338
43 47 -54.321820
43 50 -42.671983
43 51 -41.316099
43 52 -43.706015
43 53 -53.420232
43 54 -41.844396
43 55 -54.322282
43 56 -52.421118
43 61 -43.429182
43 62 -40.067780
43 63 -51.329627
43 64 -50.722622
43 65 -53.489437
43 72 -53.815486
43 73 -52.606047
43 74 -47.596381
43 83 -53.389403
44 4 -40.094006
44 13 -41.466742
44 14 -48.621486
44 15 -42.835530
44 22 -48.601150
44 23 -40.419108
44 24 -51.352012
44 25 -51.152882
44 26 -40.838000
44 31 -44.727401
44 32 -48.757777
44 33 -52.465484
44 34 -44.878396
44 35 -54.783841
44 36 -51.754842
44 37 -53.371999
44 40 -52.030512
44 41 -47.801137
44 42 -53.923196
44 43 -47.736060
44 45 -50.022845
44 46 -54.530617
44 47 -47.229439
44 48 -40.931741
44 51 -43.292665
44 52 -50.714056
44 53 -40.141120
44 54 -49.092479
44 55 -46.023777
44 56 -45.440156
44 57 -53.113882
44 62 -48.165410
44 63 -46.790584
44 64 -54.106866
44 65 -54.482043
44 66 -50.023556
44 73 -44.933345
44 74 -41.649242
44 75 -40.149239
44 84 -41.946155
45 5 -46.435953
45 14 -41.054813
45 15 -50.066256
45 16 -44.301788
45 23 -44.470985
45 24 -45.197208
45 25 -42.604739
45 26 -53.832589
45 27 -44.790173
45 32 -48.947121
45 33 -54.151333
45 34 -51.447641
45 35 -41.614805
45 36 -51.752591
45 37 -49.510273
45 38 -49.218573
45 41 -45.659748
45 42 -41.366813
45 43 -42.566340
45 44 -51.481956
45 46 -41.474868
45 47 -51.413463
45 48 -49.373982
45 49 -42.706453
45 52 -48.989499
45 53 -47.336162
45 54 -44.790293
45 55 -53.246936
45 56 -48.773551
45 57 -50.468610
45 58 -44.968373
45 63 -54.895634
45 64 -48.522944
45 65 -50.914144
45 66 -44.840085
45 67 -44.592266
45 74 -44.928854
45 75 -40.843675
45 76 -42.373111
45 85 -50.615777
46 6 -51.176021
46 15 -44.634831
46 16 -44.899945
46 17 -40.604874
46 24 -41.340640
46 25 -42.285162
46 26 -54.773370
46 27 -49.061086
46 28 -50.491238
46 33 -45.356985
46 34 -52.161354
46 35 -40.936815
46 36 -42.069788
46 37 -41.644925
46 38 -54.224634
46 39 -52.985713
46 42 -50.815858
46 43 -44.903158
46 44 -54.818724
46 45 -48.895683
46 47 -53.242959
46 48 -47.328918
46 49 -47.834272
46 53 -50.451423
46 54 -47.704400
46 55 -49.124611
46 56 -50.122801
46 57 -49.407648
46 58 -46.217219
46 59 -40.351620
46 64 -49.364748
46 65 -40.579783
46 66 -44.073740
46 67 -42.067251
46 68 -42.581739
46 75 -46.281636
46 76 -51.200079
46 77 -41.105053
46 86 -54.306450
47 7 -53.275168
47 16 -52.201166
47 17 -46.057139
47 18 -51.877885
47 25 -41.613574
47 26 -48.761978
47 27 -41.528172
47 28 -41.598919
47 29 -52.661969
47 34 -50.258695
47 35 -43.645108
47 36 -41.709077
47 37 -53.648511
47 38 -49.227075
47 39 -52.291785
47 43 -50.694619
47 44 -54.025856
47 45 -44.926439
47 46 -47.403153
47 48 -47.108808
47 49 -49.296095
47 54 -44.415235
47 55 -45.787517
47 56 -49.381769
47 57 -44.916983
47 58 -51.974014
47 59 -46.880540
47 65 -44.361360
47 66 -43.661841
47 67 -49.703854
47 68 -50.111091
47 69 -43.489330
47 76 -42.441618
47 77 -53.800620
47 78 -45.036728
47 87 -49.839190
48 8 -45.013668
48 17 -43.793243
48 18 -42.757211
48 19 -49.105758
48 26 -47.015725
48 27 -42.124010
48 28 -44.690692
48 29 -43.381357
48 35 -44.115885
48 36 -49.598587
48 37 -48.823613
48 38 -49.949606
48 39 -54.668869
48 44 -52.724881
48 45 -46.450812
48 46 -49.467219
48 47 -49.994176
48 49 -51.046330
48 55 -48.318387
48 56 -41.803116
48 57 -41.723369
48 58 -48.701117
48 59 -50.475139
48 66 -48.853826
48 67 -54.456327
48 68 -47.431259
48 69 -52.725877
48 77 -54.998988
48 78 -45.254027
48 79 -43.012229
48 88 -52.649054
49 9 -50.014795
49 18 -50.150232
49 19 -51.830854
49 27 -43.859828
49 28 -48.829091
49 29 -40.521788
49 36 -48.114098
49 37 -53.387787
49 38 -43.386291
49 39 -52.569448
49 45 -52.757188
49 46 -42.989468
49 47 -49.447122
49 48 -44.632484
49 56 -50.762352
49 57 -40.311449
49 58 -43.638838
49 59 -54.640478
49 67 -46.978207
49 68 -44.573560
49 69 -42.239095
49 78 -41.834614
49 79 -51.443305
49 89 -45.305087
50 10 -45.927337
50 20 -50.033193
50 21 -43.800450
50 30 -47.739276
50 31 -54.179131
50 32 -49.916020
50 40 -40.317167
50 41 -45.390191
50 42 -45.793268
50 43 -52.973158
50 51 -48.219881
50 52 -46.941356
50 53 -53.175155
50 54 -43.531838
50 60 -45.759480
50 61 -42.099218
50 62 -45.454616
50 63 -43.277041
50 70 -42.293188
50 71 -51.922872
50 72 -53.035671
50 80 -51.937930
50 81 -44.310367
50 90 -47.805919
51 11 -45.078972
51 20 -40.382960
51 21 -51.504542
51 22 -44.350495
51 30 -48.615458
51 31 -50.421198
51 32 -50.437112
51 33 -41.428511
51 40 -52.275576
51 41 -47.908905
51 42 -44.532144
51 43 -41.604128
51 44 -50.453743
51 50 -48.525562
51 52 -54.329231
51 53 -47.833982
51 54 -42.799178
51 55 -44.235083
51 60 -40.810562
51 61 -52.905758
51 62 -52.023183
51 63 -51.268014
51 64 -47.599691
51 70 -43.962070
51 71 -40.987742
51 72 -40.210270
51 73 -47.842262
51 80 -53.490941
51 81 -51.940304
51 82 -52.858671
51 91 -54.468272
52 12 -48.517647
52 21 -52.673901
52 22 -46.751028
52 23 -49.214209
52 30 -54.321210
52 31 -43.883262
52 32 -46.700702
52 33 -51.196100
52 34 -53.326789
52 40 -41.508330
52 41 -44.982703
52 42 -41.246490
52 43 -40.047320
52 44 -43.957793
52 45 -51.942545
52 50 -53.436662
52 51 -43.324246
52 53 -54.684513
52 54 -44.275794
52 55 -49.698612
52 56 -53.075872
52 60 -47.235860
52 61 -54.517102
52 62 -53.081002
52 63 -47.519051
52 64 -46.565597
52 65 -46.078523
52 70 -42.521033
52 71 -43.172129
52 72 -43.402732
52 73 -47.639669
52 74 -43.256604
52 81 -44.289194
52 82 -50.195543
52 83 -48.653892
52 92 -54.711979
53 13 -40.321427
53 22 -48.300925
53 23 -53.420614
53 24 -40.239934
53 31 -42.847753
53 32 -45.155173
53 33 -50.310575
53 34 -45.462170
53 35 -46.282203
53 40 -48.561639
53 41 -43.073654
53 42 -52.753127
53 43 -52.595219
53 44 -44.456572
53 45 -53.468291
53 46 -51.755258
53 50 -54.454598
53 51 -49.992083
53 52 -51.006743
53 54 -41.889383
53 55 -46.988247
53 56 -54.876644
53 57 -41.935061
53 60 -49.989139
53 61 -45.391973
53 62 -41.783392
53 63 -46.861716
53 64 -45.053787
53 65 -48.396542
53 66 -43.348184
53 71 -51.060481
53 72 -47.457503
53 73 -47.814171
53 74 -47.300967
53 75 -47.980812
53 82 -48.538432
53 83 -48.016103
53 84 -49.684643
53 93 -47.272225
54 14 -51.096867
54 23 -52.950043
54 24 -48.413631
54 25 -47.276275
54 32 -43.202266
54 33 -40.476694
54 34 -43.478547
54 35 -41.660001
54 36 -51.004433
54 41 -51.440705
54 42 -49.827131
54 43 -44.412933
54 44 -53.850537
54 45 -53.490214
54 46 -45.467741
54 47 -46.130545
54 50 -40.708613
54 51 -44.213997
54 52 -54.421908
54 53 -50.758994
54 55 -41.318493
54 56 -46.490688
54 57 -51.971992
54 58 -42.857647
54 61 -54.508696
54 62 -50.982213
54 63 -49.315080
54 64 -43.512181
54 65 -44.028063
54 66 -49.724602
54 67 -48.719771
54 72 -42.102809
54 73 -43.624974
54 74 -52.343715
54 75 -44.898225
54 76 -44.435358
54 83 -46.319777
54 84 -41.920856
54 85 -47.987441
54 94 -54.955907
55 15 -53.088909
55 24 -53.322864
55 25 -40.214623
55 26 -54.855756
55 33 -40.564223
55 34 -54.251433
55 35 -51.349167
55 36 -52.436795
55 37 -50.802025
55 42 -50.651241
55 43 -40.613249
55 44 -42.544618
55 45 -49.578818
55 46 -51.165388
55 47 -50.630549
55 48 -46.959844
55 51 -50.618125
55 52 -54.499878
55 53 -50.119425
55 54 -43.997484
55 56 -50.511354
55 57 -52.091635
55 58 -49.021693
55 59 -49.854258
55 62 -52.058758
55 63 -43.923128
55 64 -52.006504
55 65 -46.714578
55 66 -49.780938
55 67 -47.583532
55 68 -40.838678
55 73 -45.521673
55 74 -40.971465
55 75 -47.448861
55 76 -51.706496
55 77 -47.741144
55 84 -40.731493
55 85 -41.394885
55 86 -49.478369
55 95 -47.377321
56 16 -46.052487
56 25 -45.725144
56 26 -50.697418
56 27 -54.807030
56 34 -45.147151
56 35 -41.589536
56 36 -54.600538
56 37 -52.567872
56 38 -50.115574
56 43 -51.950006
56 44 -49.783153
56 45 -49.164963
56 46 -41.241115
56 47 -54.817730
56 48 -50.640573
56 49 -51.023114
56 52 -54.149376
56 53 -48.625840
56 54 -43.678151
56 55 -54.483677
56 57 -50.906534
56 58 -42.824193
56 59 -42.238841
56 63 -47.338510
56 64 -40.970101
56 65 -54.765498
56 66 -43.367784
56 67 -44.703886
56 68 -50.696689
56 69 -40.311169
56 74 -42.457801
56 75 -54.422335
56 76 -48.322770
56 77 -48.918924
56 78 -47.325700
56 85 -42.238640
56 86 -47.570969
56 87 -40.681980
56 96 -50.140873
57 17 -42.478155
57 26 -49.146930
57 27 -44.248072
57 28 -41.291001
57 35 -54.053660
57 36 -50.186291
57 37 -42.447637
57 38 -51.963958
57 39 -47.552172
57 44 -41.104353
57 45 -43.237333
57 46 -43.868010
57 47 -50.729880
57 48 -43.181338
57 49 -45.768731
57 53 -46.223275
57 54 -49.174380
57 55 -45.923466
57 56 -53.358161
57 58 -49.406862
57 59 -46.557148
57 64 -54.830050
57 65 -46.463219
57 66 -46.246321
57 67 -46.197696
57 68 -46.257792
57 69 -40.696611
57 75 -50.679022
57 76 -53.790929
57 77 -40.258447
57 78 -43.308406
57 79 -46.188134
57 86 -41.388976
57 87 -49.455041
57 88 -47.929106
57 97 -44.095703
58 18 -52.273099
58 27 -48.664398
58 28 -53.868556
58 29 -48.554159
58 36 -44.105307
58 37 -45.082319
58 38 -51.242731
58 39 -43.321037
58 45 -49.536150
58 46 -51.144064
58 47 -54.934058
58 48 -51.123826
58 49 -54.117073
58 54 -54.871608
58 55 -46.662737
58 56 -46.255446
58 57 -43.868934
58 59 -43.769368
58 65 -49.255911
58 66 -43.215617
58 67 -49.088156
58 68 -52.620041
58 69 -40.420826
58 76 -40.366370
58 77 -42.620513
58 78 -40.652679
58 79 -42.260505
58 87 -41.382694
58 88 -53.418418
58 89 -52.712241
58 98 -45.516975
59 19 -40.794245
59 28 -52.935878
59 29 -47.404893
59 37 -42.794917
59 38 -49.425942
59 39 -52.445888
59 46 -40.603834
59 47 -53.471045
59 48 -45.712004
59 49 -47.200818
59 55 -47.365080
59 56 -54.402735
59 57 -46.248012
59 58 -43.835787
59 66 -53.758015
59 67 -45.160075
59 68 -44.101147
59 69 -42.495405
59 77 -48.160195
59 78 -53.793806
59 79 -42.995188
59 88 -47.529819
59 89 -42.430517
59 99 -49.008656
60 20 -41.815735
60 30 -46.811210
60 31 -53.447948
60 40 -49.512430
60 41 -44.710956
60 42 -44.047415
60 50 -47.633302
60 51 -52.070354
60 52 -48.081273
60 53 -41.820642
60 61 -45.961015
60 62 -48.193624
60 63 -43.004220
60 64 -42.078162
60 70 -42.719856
60 71 -51.776807
60 72 -48.830853
60 73 -46.076400
60 80 -41.211287
60 81 -43.066907
60 82 -52.091081
60 90 -43.306309
60 91 -41.731946
61 21 -50.249504
61 30 -44.827023
61 31 -44.009488
61 32 -46.595984
61 40 -43.863615
61 41 -49.624392
61 42 -49.757879
61 43 -53.156333
61 50 -47.559894
61 51 -43.241384
61 52 -40.919833
61 53 -54.072192
61 54 -42.677522
61 60 -54.104075
61 62 -47.191213
61 63 -51.911580
61 64 -42.850753
61 65 -46.493439
61 70 -48.095784
61 71 -41.525649
61 72 -50.220469
61 73 -47.739925
61 74 -47.543566
61 80 -47.400114
61 81 -46.238140
61 82 -50.685806
61 83 -44.467219
61 90 -45.549737
61 91 -47.229124
61 92 -49.112768
62 22 -52.426939
62 31 -44.071260
62 32 -40.980751
62 33 -50.340929
62 40 -50.341934
62 41 -40.648221
62 42 -41.443063
62 43 -46.185785
62 44 -43.496664
62 50 -53.715856
62 51 -49.821295
62 52 -44.302705
62 53 -51.707196
62 54 -42.541083
62 55 -47.528680
62 60 -48.362405
62 61 -47.249979
62 63 -49.898223
62 64 -44.517611
62 65 -51.599652
62 66 -54.344705
62 70 -43.326187
62 71 -46.613798
62 72 -54.100735
62 73 -45.233682
62 74 -50.737978
62 75 -43.158455
62 80 -52.438603
62 81 -48.772544
62 82 -42.922351
62 83 -51.821839
62 84 -48.271877
62 91 -51.988147
62 92 -42.610106
62 93 -49.684879
63 23 -45.921809
63 32 -45.733764
63 33 -49.403000
63 34 -41.709022
63 41 -42.248466
63 42 -46.881946
63 43 -49.216551
63 44 -42.310791
63 45 -41.443954
63 50 -40.924875
63 51 -49.059807
63 52 -40.638159
63 53 -49.306457
63 54 -45.615891
63 55 -49.244760
63 56 -47.609520
63 60 -45.871100
63 61 -50.446041
63 62 -52.382561
63 64 -46.717996
63 65 -48.406467
63 66 -44.162802
63 67 -47.316925
63 70 -53.285395
63 71 -53.213293
63 72 -44.719515
63 73 -43.873727
63 74 -46.107540
63 75 -51.221697
63 76 -48.372522
63 81 -43.161014
63 82 -41.645481
63 83 -47.797886
63 84 -46.785567
63 85 -50.402454
63 92 -48.182750
63 93 -52.741815
63 94 -51.096099
64 24 -53.309660
64 33 -45.547885
64 34 -42.893277
64 35 -48.991867
64 42 -52.555603
64 43 -52.788014
64 44 -47.505352
64 45 -43.250372
64 46 -52.581619
64 51 -51.553222
64 52 -41.756791
64 53 -45.002456
64 54 -42.022711
64 55 -52.875650
64 56 -41.795223
64 57 -42.080296
64 60 -49.071117
64 61 -49.056057
64 62 -40.733194
64 63 -41.373671
64 65 -52.928114
64 66 -41.919721
64 67 -47.333844
64 68 -43.122686
64 71 -47.622583
64 72 -51.814851
64 73 -40.595781
64 74 -45.071735
64 75 -50.182398
64 76 -41.233806
64 77 -54.582601
64 82 -51.369861
64 83 -48.871575
64 84 -49.738536
64 85 -46.086299
64 86 -40.183535
64 93 -49.550247
64 94 -46.036953
64 95 -40.236109
65 25 -45.613987
65 34 -47.532532
65 35 -50.937729
65 36 -49.606143
65 43 -49.800069
65 44 -51.710519
65 45 -45.981283
65 46 -41.634089
65 47 -50.657384
65 52 -44.513825
65 53 -53.392840
65 54 -41.519981
65 55 -50.937255
65 56 -46.499010
65 57 -50.349214
65 58 -49.733409
65 61 -44.744324
65 62 -43.106737
65 63 -54.009945
65 64 -49.730028
65 66 -49.297358
65 67 -46.280944
65 68 -45.735576
65 69 -54.271506
65 72 -49.493010
65 73 -52.939710
65 74 -48.618700
65 75 -40.639263
65 76 -54.675260
65 77 -43.805417
65 78 -43.507779
65 83 -45.469722
65 84 -41.657664
65 85 -43.118904
65 86 -46.409657
65 87 -42.428478
65 94 -47.951423
65 95 -44.052344
65 96 -43.450690
66 26 -40.425839
66 35 -52.616181
66 36 -50.702726
66 37 -53.469627
66 44 -46.918979
66 45 -48.884137
66 46 -40.654517
66 47 -48.695900
66 48 -43.531147
66 53 -41.559551
66 54 -53.532886
66 55 -52.829268
66 56 -40.230941
66 57 -54.847675
66 58 -42.108482
66 59 -54.928134
66 62 -43.635766
66 63 -47.248376
66 64 -40.443092
66 65 -40.425870
66 67 -47.741282
66 68 -49.599261
66 69 -48.891857
66 73 -47.972345
66 74 -51.642376
66 75 -40.494764
66 76 -43.935741
66 77 -50.688296
66 78 -48.421665
66 79 -54.863022
66 84 -41.007529
66 85 -54.741367
66 86 -48.733330
66 87 -51.894330
66 88 -49.773904
66 95 -43.684514
66 96 -49.429031
66 97 -44.897564
67 27 -49.032354
67 36 -54.334044
67 37 -54.779958
67 38 -44.913860
67 45 -52.818268
67 46 -42.954285
67 47 -43.940285
67 48 -49.866843
67 49 -50.825171
67 54 -46.674984
67 55 -41.803770
67 56 -45.804199
67 57 -49.804226
67 58 -40.247619
67 59 -40.177151
67 63 -45.044025
67 64 -45.809922
67 65 -49.488460
67 66 -50.974354
67 68 -43.300382
67 69 -51.302781
67 74 -49.667343
67 75 -52.600733
67 76 -41.758901
67 77 -45.674301
67 78 -47.192487
67 79 -45.702154
67 85 -51.903074
67 86 -49.697821
67 87 -44.509818
67 88 -47.265870
67 89 -41.021686
67 96 -47.598152
67 97 -53.606351
67 98 -52.978850
68 28 -52.766405
68 37 -40.733406
68 38 -42.444758
68 39 -41.781883
68 46 -52.153306
68 47 -46.191528
68 48 -50.178167
68 49 -49.898446
68 55 -41.180140
68 56 -53.010493
68 57 -54.333060
68 58 -53.325784
68 59 -44.870831
68 64 -54.105677
68 65 -51.869233
68 66 -53.652171
68 67 -53.657958
68 69 -51.012952
68 75 -44.432153
68 76 -52.700479
68 77 -54.496750
68 78 -49.267468
68 79 -44.750151
68 86 -45.344251
68 87 -48.119512
68 88 -41.189443
68 89 -47.145884
68 97 -51.159608
68 98 -46.186244
68 99 -42.443051
69 29 -40.905145
69 38 -45.537826
69 39 -41.889170
69 47 -48.809402
69 48 -48.441519
69 49 -53.489088
69 56 -54.502711
69 57 -54.872780
69 58 -47.579537
69 59 -42.897152
69 65 -45.531495
69 66 -40.166093
69 67 -40.967253
69 68 -52.455005
69 76 -51.864427
69 77 -44.006087
69 78 -47.583593
69 79 -43.220429
69 87 -49.624080
69 88 -45.282645
69 89 -53.354347
69 98 -54.371195
69 99 -40.499279
70 30 -45.430423
70 40 -47.288808
70 41 -51.012211
70 50 -47.680587
70 51 -43.288851
70 52 -50.142515
70 60 -54.482139
70 61 -48.961670
70 62 -49.622440
70 63 -49.901325
70 71 -41.310466
70 72 -42.868921
70 73 -53.721450
70 74 -54.287225
70 80 -49.133068
70 81 -42.759934
70 82 -53.211454
70 83 -42.682994
70 90 -48.535943
70 91 -52.615661
70 92 -41.738699
71 31 -53.310201
71 40 -44.298881
71 41 -47.969713
71 42 -50.613439
71 50 -44.157254
71 51 -47.758413
71 52 -50.413604
71 53 -54.196902
71 60 -46.310598
71 61 -40.561170
71 62 -40.444316
71 63 -44.269311
71 64 -46.550173
71 70 -53.780091
71 72 -52.065966
71 73 -47.924528
71 74 -44.885376
71 75 -48.690084
71 80 -45.718643
71 81 -50.921726
71 82 -53.730385
71 83 -52.632453
71 84 -49.108614
71 90 -51.360344
71 91 -52.102502
71 92 -45.384675
71 93 -46.833416
72 32 -48.039075
72 41 -53.364861
72 42 -43.320987
72 43 -48.817603
72 50 -49.853400
72 51 -40.587019
72 52 -52.455502
72 53 -41.629792
72 54 -43.016487
72 60 -48.492728
72 61 -47.505728
72 62 -45.173915
72 63 -46.286609
72 64 -45.820758
72 65 -45.084723
72 70 -53.894844
72 71 -41.307090
72 73 -51.248395
72 74 -47.107779
72 75 -52.667493
72 76 -45.111213
72 80 -42.027666
72 81 -46.830836
72 82 -42.121328
72 83 -46.227022
72 84 -41.839632
72 85 -47.545176
72 90 -53.588714
72 91 -46.195714
72 92 -54.813386
72 93 -52.166680
72 94 -45.614872
73 33 -46.828510
73 42 -40.579242
73 43 -51.486932
73 44 -42.267688
73 51 -48.550572
73 52 -40.150526
73 53 -47.913867
73 54 -41.207728
73 55 -46.556244
73 60 -51.936140
73 61 -44.465765
73 62 -40.169110
73 63 -41.057363
73 64 -49.187748
73 65 -50.307026
73 66 -41.898474
73 70 -48.055483
73 71 -44.574802
73 72 -52.919222
73 74 -44.894240
73 75 -53.998626
73 76 -41.198951
73 77 -54.482572
73 80 -44.045287
73 81 -50.242900
73 82 -52.737284
73 83 -51.005780
73 84 -41.065417
73 85 -45.156504
73 86 -47.100456
73 91 -42.578803
73 92 -50.958450
73 93 -46.684973
73 94 -51.350320
73 95 -45.241304
74 34 -49.392194
74 43 -42.637646
74 44 -51.237046
74 45 -44.739268
74 52 -42.601532
74 53 -49.361670
74 54 -46.374578
74 55 -46.673204
74 56 -43.420235
74 61 -46.022120
74 62 -50.444101
74 63 -41.714272
74 64 -45.447058
74 65 -50.848472
74 66 -45.535148
74 67 -52.471165
74 70 -48.862448
74 71 -49.737692
74 72 -47.067861
74 73 -43.843157
74 75 -49.038279
74 76 -52.164337
74 77 -53.045512
74 78 -45.047030
74 81 -42.236130
74 82 -41.774107
74 83 -41.408692
74 84 -45.139479
74 85 -50.888291
74 86 -43.839064
74 87 -47.405093
74 92 -44.372205
74 93 -47.012113
74 94 -40.776195
74 95 -44.661074
74 96 -43.642931
75 35 -50.092409
75 44 -52.987010
75 45 -52.948026
75 46 -46.817659
75 53 -51.705886
75 54 -50.517130
75 55 -50.712904
75 56 -52.598630
75 57 -45.965253
75 62 -43.457431
75 63 -48.154097
75 64 -41.098649
75 65 -54.770525
75 66 -42.945731
75 67 -40.045239
75 68 -45.107978
75 71 -45.759425
75 72 -40.882757
75 73 -40.289222
75 74 -43.011792
75 76 -52.558558
75 77 -50.200584
75 78 -52.106752
75 79 -49.688290
75 82 -48.772543
75 83 -51.679740
75 84 -49.478112
75 85 -46.422215
75 86 -47.088602
75 87 -51.572837
75 88 -40.369600
75 93 -52.806321
75 94 -41.593495
75 95 -48.849971
75 96 -49.607036
75 97 -40.033394
76 36 -44.181182
76 45 -41.382567
76 46 -52.381872
76 47 -43.537383
76 54 -52.441029
76 55 -44.513186
76 56 -54.313046
76 57 -46.705376
76 58 -49.521092
76 63 -48.155069
76 64 -54.805404
76 65 -45.576108
76 66 -43.571145
76 67 -40.701799
76 68 -53.344067
76 69 -49.902506
76 72 -48.252564
76 73 -41.028188
76 74 -50.405778
76 75 -49.210957
76 77 -47.264317
76 78 -45.233448
76 79 -53.113701
76 83 -40.457276
76 84 -52.970227
76 85 -53.471819
76 86 -50.982279
76 87 -43.268448
76 88 -48.578385
76 89 -47.495450
76 94 -41.106356
76 95 -40.449243
76 96 -46.857152
76 97 -49.665305
76 98 -51.552626
77 37 -51.872643
77 46 -53.666606
77 47 -52.369485
77 48 -46.500129
77 55 -41.391927
77 56 -41.455416
77 57 -50.744572
77 58 -47.128853
77 59 -43.055699
77 64 -42.210420
77 65 -54.530903
77 66 -49.613607
77 67 -40.774517
77 68 -42.219893
77 69 -51.289249
77 73 -41.250276
77 74 -44.403212
77 75 -52.208936
77 76 -52.134203
77 78 -47.321755
77 79 -48.572575
77 84 -43.650370
77 85 -54.806726
77 86 -42.565940
77 87 -41.803550
77 88 -40.251515
77 89 -50.742997
77 95 -52.631949
77 96 -50.927099
77 97 -45.596732
77 98 -41.333732
77 99 -46.214063
78 38 -51.977912
78 47 -40.936788
78 48 -48.422611
78 49 -46.706192
78 56 -52.922782
78 57 -52.061644
78 58 -42.094515
78 59 -46.736200
78 65 -40.281180
78 66 -53.648158
78 67 -41.119432
78 68 -46.290636
78 69 -50.275871
78 74 -44.490192
78 75 -51.308625
78 76 -45.065546
78 77 -46.609306
78 79 -44.735954
78 85 -53.237479
78 86 -40.017656
78 87 -44.846815
78 88 -42.827418
78 89 -44.975139
78 96 -53.347473
78 97 -44.222976
78 98 -44.828412
78 99 -50.201834
79 39 -49.291195
79 48 -43.992508
79 49 -47.920970
79 57 -41.208464
79 58 -44.707572
79 59 -45.041434
79 66 -46.402749
79 67 -48.223420
79 68 -51.518545
79 69 -44.071683
79 75 -46.548332
79 76 -41.420684
79 77 -43.814678
79 78 -47.027726
79 86 -42.924793
79 87 -50.961813
79 88 -53.576478
79 89 -49.709235
79 97 -48.699262
79 98 -48.116679
79 99 -49.451684
80 40 -53.035065
80 50 -45.384946
80 51 -44.022731
80 60 -52.126646
80 61 -48.210824
80 62 -40.492599
80 70 -53.992505
80 71 -43.566023
80 72 -49.232708
80 73 -45.713797
80 81 -53.560483
80 82 -47.836860
80 83 -54.100792
80 84 -48.757799
80 90 -44.826148
80 91 -48.215586
80 92 -44.052056
80 93 -52.085847
81 41 -47.536497
81 50 -47.094195
81 51 -52.244677
81 52 -52.782540
81 60 -52.561858
81 61 -45.778790
81 62 -42.467727
81 63 -41.182524
81 70 -45.121236
81 71 -46.374481
81 72 -43.279661
81 73 -50.147012
81 74 -41.028583
81 80 -49.547282
81 82 -53.127702
81 83 -52.597322
81 84 -44.007828
81 85 -45.575778
81 90 -51.875016
81 91 -46.317698
81 92 -49.602088
81 93 -42.276880
81 94 -40.583954
82 42 -44.529537
82 51 -52.242376
82 52 -47.037352
82 53 -48.743145
82 60 -51.970854
82 61 -46.782016
82 62 -51.001836
82 63 -50.825399
82 64 -44.197548
82 70 -52.972176
82 71 -45.115855
82 72 -40.466994
82 73 -47.416749
82 74 -45.864425
82 75 -49.904837
82 80 -54.696345
82 81 -52.777206
82 83 -51.960062
82 84 -44.040604
82 85 -46.393188
82 86 -43.458476
82 90 -50.441157
82 91 -44.684325
82 92 -51.764610
82 93 -47.641404
82 94 -54.860103
82 95 -44.391593
83 43 -44.833999
83 52 -53.084030
83 53 -43.353292
83 54 -47.468858
83 61 -51.588160
83 62 -49.555347
83 63 -40.793840
83 64 -54.428561
83 65 -53.891395
83 70 -41.829283
83 71 -46.955060
83 72 -42.131779
83 73 -48.079081
83 74 -42.930005
83 75 -40.467699
83 76 -53.624071
83 80 -42.559510
83 81 -44.017647
83 82 -54.401435
83 84 -43.705475
83 85 -51.174368
83 86 -50.033002
83 87 -46.037265
83 90 -47.197185
83 91 -42.916669
83 92 -47.581658
83 93 -49.152132
83 94 -43.799365
83 95 -52.422432
83 96 -45.286802
84 44 -40.581649
84 53 -44.904745
84 54 -42.217352
84 55 -48.855637
84 62 -48.838881
84 63 -53.319518
84 64 -48.563272
84 65 -42.554354
84 66 -49.033085
84 71 -49.337729
84 72 -51.842721
84 73 -51.636621
84 74 -42.735194
84 75 -41.677676
84 76 -51.338822
84 77 -42.357159
84 80 -52.258981
84 81 -43.646292
84 82 -40.117218
84 83 -52.931296
84 85 -43.179760
84 86 -45.906372
84 87 -49.526546
84 88 -51.128311
84 91 -46.548676
84 92 -49.594385
84 93 -49.085634
84 94 -51.739623
84 95 -41.352892
84 96 -40.012222
84 97 -51.391016
85 45 -43.372001
85 54 -53.535038
85 55 -49.152643
85 56 -53.490083
85 63 -53.176550
85 64 -50.755791
85 65 -53.826406
85 66 -46.370241
85 67 -49.869785
85 72 -47.982332
85 73 -52.602229
85 74 -49.912193
85 75 -40.844968
85 76 -46.530420
85 77 -42.043825
85 78 -52.052772
85 81 -47.328748
85 82 -49.937718
85 83 -46.052811
85 84 -51.253261
85 86 -45.653106
85 87 -44.924090
85 88 -53.822632
85 89 -43.345782
85 92 -53.257553
85 93 -47.654764
85 94 -43.476713
85 95 -42.194708
85 96 -54.540912
85 97 -48.099913
85 98 -41.198720
86 46 -41.627529
86 55 -52.219635
86 56 -41.912919
86 57 -51.208422
86 64 -47.064588
86 65 -40.680254
86 66 -41.352610
86 67 -47.787259
86 68 -50.459204
86 73 -52.703611
86 74 -42.850918
86 75 -47.785989
86 76 -51.398171
86 77 -49.884137
86 78 -51.288355
86 79 -48.545472
86 82 -48.867658
86 83 -50.979907
86 84 -47.455913
86 85 -41.706017
86 87 -43.326576
86 88 -53.170251
86 89 -49.340349
86 93 -46.063069
86 94 -50.597551
86 95 -40.399705
86 96 -44.812424
86 97 -51.093375
86 98 -45.138253
86 99 -43.253540
87 47 -44.919677
87 56 -51.444869
87 57 -45.566732
87 58 -44.975776
87 65 -49.720328
87 66 -47.728530
87 67 -52.363165
87 68 -42.476017
87 69 -48.430503
87 74 -47.517826
87 75 -47.987315
87 76 -41.572724
87 77 -45.934561
87 78 -49.215956
87 79 -47.580673
87 83 -54.856293
87 84 -49.067311
87 85 -50.186217
87 86 -43.909597
87 88 -45.426675
87 89 -43.534895
87 94 -43.496614
87 95 -43.245884
87 96 -44.450829
87 97 -41.555504
87 98 -53.313108
87 99 -43.108716
88 48 -48.850219
88 57 -40.086050
88 58 -45.761431
88 59 -40.002397
88 66 -40.200034
88 67 -54.062831
88 68 -46.634484
88 69 -54.527140
88 75 -52.747113
88 76 -49.162787
88 77 -47.198294
88 78 -54.994524
88 79 -48.415596
88 84 -51.687583
88 85 -48.650014
88 86 -49.462769
88 87 -44.420107
88 89 -40.513018
88 95 -44.426084
88 96 -42.052009
88 97 -48.274622
88 98 -41.674930
88 99 -52.569002
89 49 -50.023549
89 58 -48.601037
89 59 -51.121402
89 67 -50.533172
89 68 -47.351113
89 69 -54.385047
89 76 -44.717243
89 77 -43.212725
89 78 -41.930639
89 79 -40.888019
89 85 -42.251001
89 86 -48.308785
89 87 -49.370148
89 88 -52.512994
89 96 -44.885660
89 97 -53.735414
89 98 -51.269425
89 99 -48.418684
90 50 -47.574134
90 60 -47.659601
90 61 -44.005252
90 70 -41.504077
90 71 -52.648521
90 72 -47.265116
90 80 -44.298402
90 81 -42.739126
90 82 -53.440224
90 83 -54.409353
90 91 -47.391005
90 92 -49.160844
90 93 -46.197203
90 94 -50.065019
91 51 -52.200681
91 60 -42.975200
91 61 -45.366805
91 62 -52.032837
91 70 -48.238772
91 71 -41.409241
91 72 -52.616937
91 73 -46.106458
91 80 -40.075466
91 81 -48.331833
91 82 -53.619039
91 83 -46.417959
91 84 -52.199244
91 90 -42.398326
91 92 -43.406597
91 93 -46.164149
91 94 -50.011108
91 95 -51.934719
92 52 -50.023421
92 61 -40.114592
92 62 -43.550832
92 63 -49.451020
92 70 -43.567597
92 71 -46.825279
92 72 -47.059138
92 73 -42.486207
92 74 -41.820242
92 80 -46.284076
92 81 -48.675276
92 82 -47.864676
92 83 -45.799239
92 84 -49.783675
92 85 -43.680033
92 90 -42.717134
92 91 -41.365742
92 93 -44.965826
92 94 -42.416875
92 95 -41.729093
92 96 -40.025840
93 53 -44.337772
93 62 -51.185033
93 63 -47.890125
93 64 -47.619829
93 71 -42.054779
93 72 -43.067236
93 73 -49.443047
93 74 -47.840982
93 75 -50.428663
93 80 -50.378786
93 81 -42.981137
93 82 -52.917019
93 83 -53.314624
93 84 -51.122784
93 85 -41.298569
93 86 -54.023365
93 90 -48.033295
93 91 -45.462526
93 92 -43.906732
93 94 -50.330230
93 95 -54.740547
93 96 -44.817003
93 97 -47.205486
94 54 -40.771431
94 63 -53.884273
94 64 -40.802314
94 65 -52.234243
94 72 -41.638717
94 73 -52.923701
94 74 -51.449818
94 75 -41.722719
94 76 -42.439867
94 81 -42.072791
94 82 -46.798943
94 83 -53.091426
94 84 -41.705927
94 85 -47.805229
94 86 -40.010423
94 87 -42.350735
94 90 -47.359387
94 91 -52.646549
94 92 -41.276080
94 93 -45.599124
94 95 -54.262850
94 96 -49.179601
94 97 -47.268470
94 98 -52.834230
95 55 -46.849887
95 64 -46.868180
95 65 -52.602571
95 66 -40.941058
95 73 -53.394475
95 74 -46.820399
95 75 -53.692839
95 76 -49.308979
95 77 -43.191975
95 82 -41.089641
95 83 -52.539512
95 84 -54.931379
95 85 -47.518943
95 86 -43.148629
95 87 -41.490875
95 88 -50.181753
95 91 -48.901590
95 92 -43.660726
95 93 -52.666049
95 94 -40.197059
95 96 -53.395962
95 97 -50.917950
95 98 -50.098553
95 99 -40.204766
96 56 -45.857990
96 65 -49.163055
96 66 -46.020999
96 67 -49.130700
96 74 -49.247255
96 75 -53.658047
96 76 -46.305198
96 77 -43.359166
96 78 -42.384867
96 83 -47.732330
96 84 -49.511980
96 85 -45.307131
96 86 -43.876225
96 87 -54.611047
96 88 -45.884189
96 89 -40.588114
96 92 -45.552985
96 93 -42.541482
96 94 -53.527971
96 95 -47.028725
96 97 -41.271323
96 98 -41.403302
96 99 -46.857860
97 57 -53.856245
97 66 -49.778793
97 67 -41.191110
97 68 -52.742602
97 75 -45.578317
97 76 -42.477040
97 77 -44.471044
97 78 -52.303431
97 79 -44.428381
97 84 -54.071834
97 85 -51.994251
97 86 -49.104037
97 87 -49.452241
97 88 -43.320659
97 89 -44.071425
97 93 -48.208186
97 94 -44.573135
97 95 -54.677663
97 96 -45.114734
97 98 -52.752444
97 99 -43.240680
98 58 -46.362744
98 67 -40.552417
98 68 -51.376918
98 69 -53.957564
98 76 -54.948374
98 77 -49.223824
98 78 -44.798646
98 79 -40.801045
98 85 -46.724298
98 86 -46.102325
98 87 -42.572123
98 88 -51.284011
98 89 -51.131805
98 94 -54.560282
98 95 -47.078379
98 96 -40.057769
98 97 -46.362825
98 99 -43.801067
99 59 -51.709803
99 68 -47.460891
99 69 -45.622196
99 77 -51.071910
99 78 -43.740069
99 79 -46.005216
99 86 -45.466399
99 87 -50.143017
99 88 -46.556813
99 89 -49.437009
99 95 -40.617857
99 96 -41.753621
99 97 -47.703051
99 98 -47.527858
100 0 -50.608000
0 100 -50.608000
100 1 -43.837767
1 100 -43.837767
100 2 -45.357797
2 100 -45.357797
100 10 -44.402991
10 100 -44.402991
100 11 -48.052349
11 100 -48.052349
100 20 -44.148171
20 100 -44.148171
101 0 -51.561327
0 101 -51.561327
101 1 -40.636403
1 101 -40.636403
101 2 -42.698566
2 101 -42.698566
101 3 -51.080425
3 101 -51.080425
101 10 -53.647272
10 101 -53.647272
101 11 -41.192840
11 101 -41.192840
101 12 -41.094965
12 101 -41.094965
101 21 -54.242508
21 101 -54.242508
102 0 -40.536290
0 102 -40.536290
102 1 -50.709327
1 102 -50.709327
102 2 -51.422945
2 102 -51.422945
102 3 -41.086714
3 102 -41.086714
102 4 -41.081388
4 102 -41.081388
102 11 -52.056906
11 102 -52.056906
102 12 -49.597617
12 102 -49.597617
102 13 -51.075899
13 102 -51.075899
102 22 -44.780621
22 102 -44.780621
103 1 -44.285347
1 103 -44.285347
103 2 -44.236656
2 103 -44.236656
103 3 -53.585536
3 103 -53.585536
103 4 -50.622778
4 103 -50.622778
103 5 -46.454654
5 103 -46.454654
103 12 -43.636311
12 103 -43.636311
103 13 -47.990919
13 103 -47.990919
103 14 -47.328679
14 103 -47.328679
103 23 -48.366969
23 103 -48.366969
104 2 -46.157756
2 104 -46.157756
104 3 -52.966279
3 104 -52.966279
104 4 -45.431463
4 104 -45.431463
104 5 -54.033255
5 104 -54.033255
104 6 -51.683723
6 104 -51.683723
104 13 -53.767779
13 104 -53.767779
104 14 -45.965119
14 104 -45.965119
104 15 -47.448910
15 104 -47.448910
104 24 -49.649511
24 104 -49.649511
105 3 -49.196420
3 105 -49.196420
105 4 -41.812724
4 105 -41.812724
105 5 -50.794878
5 105 -50.794878
105 6 -51.196704
6 105 -51.196704
105 7 -43.322078
7 105 -43.322078
105 14 -41.309343
14 105 -41.309343
105 15 -47.327615
15 105 -47.327615
105 16 -49.518235
16 105 -49.518235
105 25 -40.686206
25 105 -40.686206
106 4 -53.959597
4 106 -53.959597
106 5 -44.018873
5 106 -44.018873
106 6 -40.153099
6 106 -40.153099
106 7 -53.236871
7 106 -53.236871
106 8 -52.109156
8 106 -52.109156
106 15 -50.385059
15 106 -50.385059
106 16 -44.301490
16 106 -44.301490
106 17 -48.350101
17 106 -48.350101
106 26 -41.658989
26 106 -41.658989
107 5 -53.641507
5 107 -53.641507
107 6 -49.869881
6 107 -49.869881
107 7 -45.294907
7 107 -45.294907
107 8 -50.213067
8 107 -50.213067
107 9 -49.933523
9 107 -49.933523
107 16 -43.734665
16 107 -43.734665
107 17 -44.070663
17 107 -44.070663
107 18 -49.252283
18 107 -49.252283
107 27 -49.373102
27 107 -49.373102
108 6 -51.910175
6 108 -51.910175
108 7 -53.294899
7 108 -53.294899
108 8 -44.058733
8 108 -44.058733
108 9 -47.594925
9 108 -47.594925
108 17 -43.030184
17 108 -43.030184
108 18 -45.493891
18 108 -45.493891
108 19 -54.969449
19 108 -54.969449
108 28 -40.926005
28 108 -40.926005
109 7 -43.073728
7 109 -43.073728
109 8 -46.618394
8 109 -46.618394
109 9 -40.661639
9 109 -40.661639
109 18 -52.807663
18 109 -52.807663
109 19 -43.037705
19 109 -43.037705
109 29 -45.333046
29 109 -45.333046
110 0 -40.602950
0 110 -40.602950
110 1 -44.654241
1 110 -44.654241
110 10 -50.945602
10 110 -50.945602
110 11 -44.091832
11 110 -44.091832
110 12 -54.860956
12 110 -54.860956
110 20 -48.328285
20 110 -48.328285
110 21 -51.361083
21 110 -51.361083
110 30 -40.546101
30 110 -40.546101
111 0 -54.579319
0 111 -54.579319
111 1 -51.770815
1 111 -51.770815
111 2 -47.387868
2 111 -47.387868
111 10 -41.954290
10 111 -41.954290
111 11 -47.645912
11 111 -47.645912
111 12 -45.584131
12 111 -45.584131
111 13 -40.211612
13 111 -40.211612
111 20 -48.340140
20 111 -48.340140
111 21 -47.754302
21 111 -47.754302
111 22 -50.919190
22 111 -50.919190
111 31 -44.649948
31 111 -44.649948
112 1 -49.615402
1 112 -49.615402
112 2 -50.150893
2 112 -50.150893
112 3 -51.822033
3 112 -51.822033
112 10 -46.884113
10 112 -46.884113
112 11 -51.247573
11 112 -51.247573
112 12 -54.332416
12 112 -54.332416
112 13 -53.137804
13 112 -53.137804
112 14 -41.901804
14 112 -41.901804
112 21 -41.742446
21 112 -41.742446
112 22 -47.740364
22 112 -47.740364
112 23 -44.377606
23 112 -44.377606
112 32 -45.098253
32 112 -45.098253
113 2 -53.853692
2 113 -53.853692
113 3 -54.169505
3 113 -54.169505
113 4 -45.802975
4 113 -45.802975
113 11 -41.877368
11 113 -41.877368
113 12 -41.080167
12 113 -41.080167
113 13 -49.802561
13 113 -49.802561
113 14 -51.754741
14 113 -51.754741
113 15 -46.451672
15 113 -46.451672
113 22 -46.931477
22 113 -46.931477
113 23 -41.025255
23 113 -41.025255
113 24 -40.857765
24 113 -40.857765
113 33 -42.922437
33 113 -42.922437
114 3 -44.396113
3 114 -44.396113
114 4 -44.968567
4 114 -44.968567
114 5 -49.638968
5 114 -49.638968
114 12 -51.266184
12 114 -51.266184
114 13 -40.717362
13 114 -40.717362
114 14 -47.744217
14 114 -47.744217
114 15 -52.279927
15 114 -52.279927
114 16 -42.487026
16 114 -42.487026
114 23 -52.287232
23 114 -52.287232
114 24 -50.469430
24 114 -50.469430
114 25 -41.232579
25 114 -41.232579
114 34 -54.564053
34 114 -54.564053
115 4 -44.686242
4 115 -44.686242
115 5 -48.515254
5 115 -48.515254
115 6 -54.190896
6 115 -54.190896
115 13 -44.612358
13 115 -44.612358
115 14 -51.827825
14 115 -51.827825
115 15 -42.551712
15 115 -42.551712
115 16 -45.517886
16 115 -45.517886
115 17 -43.661144
17 115 -43.661144
115 24 -41.981272
24 115 -41.981272
115 25 -46.896777
25 115 -46.896777
115 26 -50.583367
26 115 -50.583367
115 35 -46.562617
35 115 -46.562617
116 5 -53.636950
5 116 -53.636950
116 6 -48.118904
6 116 -48.118904
116 7 -41.060485
7 116 -41.060485
116 14 -41.707813
14 116 -41.707813
116 15 -53.752545
15 116 -53.752545
116 16 -46.891577
16 116 -46.891577
116 17 -44.650223
17 116 -44.650223
116 18 -51.043106
18 116 -51.043106
116 25 -40.516054
25 116 -40.516054
116 26 -43.227885
26 116 -43.227885
116 27 -51.393102
27 116 -51.393102
116 36 -52.225366
36 116 -52.225366
117 6 -45.840324
6 117 -45.840324
117 7 -40.812726
7 117 -40.812726
117 8 -49.856592
8 117 -49.856592
117 15 -50.444156
15 117 -50.444156
117 16 -46.687515
16 117 -46.687515
117 17 -42.122500
17 117 -42.122500
117 18 -54.529955
18 117 -54.529955
117 19 -45.627722
19 117 -45.627722
117 26 -43.964833
26 117 -43.964833
117 27 -43.567557
27 117 -43.567557
117 28 -46.157825
28 117 -46.157825
117 37 -53.767979
37 117 -53.767979
118 7 -47.765914
7 118 -47.765914
118 8 -46.269773
8 118 -46.269773
118 9 -43.059442
9 118 -43.059442
118 16 -45.537196
16 118 -45.537196
118 17 -43.533530
17 118 -43.533530
118 18 -45.641548
18 118 -45.641548
118 19 -43.372725
19 118 -43.372725
118 27 -51.599309
27 118 -51.599309
118 28 -47.512987
28 118 -47.512987
118 29 -54.482303
29 118 -54.482303
118 38 -44.281273
38 118 -44.281273
119 8 -41.868658
8 119 -41.868658
119 9 -53.711182
9 119 -53.711182
119 17 -54.590615
17 119 -54.590615
119 18 -41.315408
18 119 -41.315408
119 19 -44.670952
19 119 -44.670952
119 28 -47.420698
28 119 -47.420698
119 29 -43.364447
29 119 -43.364447
119 39 -51.864145
39 119 -51.864145
120 0 -41.208361
0 120 -41.208361
120 10 -45.308147
10 120 -45.308147
120 11 -40.667379
11 120 -40.667379
120 20 -43.810816
20 120 -43.810816
120 21 -43.476251
21 120 -43.476251
120 22 -48.838776
22 120 -48.838776
120 30 -50.716627
30 120 -50.716627
120 31 -47.950021
31 120 -47.950021
120 40 -43.518890
40 120 -43.518890
121 1 -53.738587
1 121 -53.738587
121 10 -53.308768
10 121 -53.308768
121 11 -42.173959
11 121 -42.173959
121 12 -47.743463
12 121 -47.743463
121 20 -46.315825
20 121 -46.315825
121 21 -43.290752
21 121 -43.290752
121 22 -40.212580
22 121 -40.212580
121 23 -45.769203
23 121 -45.769203
121 30 -49.164842
30 121 -49.164842
121 31 -48.859739
31 121 -48.859739
121 32 -43.125919
32 121 -43.125919
121 41 -47.459933
41 121 -47.459933
122 2 -44.792784
2 122 -44.792784
122 11 -45.844941
11 122 -45.844941
122 12 -51.323325
12 122 -51.323325
122 13 -44.526067
13 122 -44.526067
122 20 -44.561914
20 122 -44.561914
122 21 -41.912853
21 122 -41.912853
122 22 -54.246439
22 122 -54.246439
122 23 -42.025389
23 122 -42.025389
122 24 -46.776938
24 122 -46.776938
122 31 -50.327889
31 122 -50.327889
122 32 -49.518912
32 122 -49.518912
122 33 -40.108333
33 122 -40.108333
122 42 -50.628173
42 122 -50.628173
123 3 -51.434638
3 123 -51.434638
123 12 -43.641105
12 123 -43.641105
123 13 -49.777157
13 123 -49.777157
123 14 -40.053297
14 123 -40.053297
123 21 -41.219903
21 123 -41.219903
123 22 -47.897433
22 123 -47.897433
123 23 -40.287284
23 123 -40.287284
123 24 -49.940094
24 123 -49.940094
123 25 -54.901671
25 123 -54.901671
123 32 -42.539070
32 123 -42.539070
123 33 -51.577239
33 123 -51.577239
123 34 -41.161108
34 123 -41.161108
123 43 -51.404005
43 123 -51.404005
124 4 -51.348021
4 124 -51.348021
124 13 -46.244723
13 124 -46.244723
124 14 -49.822578
14 124 -49.822578
124 15 -42.467273
15 124 -42.467273
124 22 -42.075823
22 124 -42.075823
124 23 -46.932613
23 124 -46.932613
124 24 -52.937382
24 124 -52.937382
124 25 -45.993623
25 124 -45.993623
124 26 -54.460499
26 124 -54.460499
124 33 -50.557071
33 124 -50.557071
124 34 -44.436228
34 124 -44.436228
124 35 -49.620664
35 124 -49.620664
124 44 -44.501823
44 124 -44.501823
125 5 -50.490820
5 125 -50.490820
125 14 -46.888891
14 125 -46.888891
125 15 -50.621335
15 125 -50.621335
125 16 -42.170102
16 125 -42.170102
125 23 -50.927331
23 125 -50.927331
125 24 -46.611339
24 125 -46.611339
125 25 -43.590129
25 125 -43.590129
125 26 -47.582652
26 125 -47.582652
125 27 -51.963357
27 125 -51.963357
125 34 -52.313971
34 125 -52.313971
125 35 -42.914930
35 125 -42.914930
125 36 -48.841932
36 125 -48.841932
125 45 -53.377354
45 125 -53.377354
126 6 -48.567347
6 126 -48.567347
126 15 -40.918596
15 126 -40.918596
126 16 -44.364491
16 126 -44.364491
126 17 -49.162978
17 126 -49.162978
126 24 -46.708208
24 126 -46.708208
126 25 -41.937518
25 126 -41.937518
126 26 -49.196922
26 126 -49.196922
126 27 -44.664478
27 126 -44.664478
126 28 -48.720179
28 126 -48.720179
126 35 -45.398018
35 126 -45.398018
126 36 -41.151899
36 126 -41.151899
126 37 -43.248110
37 126 -43.248110
126 46 -48.320011
46 126 -48.320011
127 7 -45.891375
7 127 -45.891375
127 16 -43.141052
16 127 -43.141052
127 17 -52.137120
17 127 -52.137120
127 18 -47.799715
18 127 -47.799715
127 25 -52.536059
25 127 -52.536059
127 26 -41.514074
26 127 -41.514074
127 27 -48.511521
27 127 -48.511521
127 28 -50.798834
28 127 -50.798834
127 29 -47.377449
29 127 -47.377449
127 36 -53.145849
36 127 -53.145849
127 37 -47.392456
37 127 -47.392456
127 38 -53.363244
38 127 -53.363244
127 47 -50.653226
47 127 -50.653226
128 8 -40.555548
8 128 -40.555548
128 17 -49.410435
17 128 -49.410435
128 18 -51.925571
18 128 -51.925571
128 19 -52.222949
19 128 -52.222949
128 26 -43.803890
26 128 -43.803890
128 27 -45.294567
27 128 -45.294567
128 28 -48.780201
28 128 -48.780201
128 29 -42.337061
29 128 -42.337061
128 37 -48.571292
37 128 -48.571292
128 38 -42.213890
38 128 -42.213890
128 39 -47.283290
39 128 -47.283290
128 48 -54.831210
48 128 -54.831210
129 9 -49.177472
9 129 -49.177472
129 18 -50.869364
18 129 -50.869364
129 19 -40.390066
19 129 -40.390066
129 27 -46.515414
27 129 -46.515414
129 28 -47.482102
28 129 -47.482102
129 29 -54.846004
29 129 -54.846004
129 38 -51.814635
38 129 -51.814635
129 39 -42.489381
39 129 -42.489381
129 49 -48.455616
49 129 -48.455616
130 10 -51.137755
10 130 -51.137755
130 20 -49.417249
20 130 -49.417249
130 21 -40.694848
21 130 -40.694848
130 30 -42.939138
30 130 -42.939138
130 31 -47.100248
31 130 -47.100248
130 32 -54.650947
32 130 -54.650947
130 40 -51.066239
40 130 -51.066239
130 41 -52.430096
41 130 -52.430096
130 50 -47.617346
50 130 -47.617346
131 11 -41.447031
11 131 -41.447031
131 20 -52.417209
20 131 -52.417209
131 21 -51.004452
21 131 -51.004452
131 22 -49.952157
22 131 -49.952157
131 30 -53.363426
30 131 -53.363426
131 31 -50.909709
31 131 -50.909709
131 32 -40.755998
32 131 -40.755998
131 33 -50.940220
33 131 -50.940220
131 40 -44.729382
40 131 -44.729382
131 41 -51.290538
41 131 -51.290538
131 42 -52.825313
42 131 -52.825313
131 51 -46.386167
51 131 -46.386167
132 12 -54.377667
12 132 -54.377667
132 21 -42.944260
21 132 -42.944260
132 22 -47.874117
22 132 -47.874117
132 23 -50.301707
23 132 -50.301707
132 30 -42.962769
30 132 -42.962769
132 31 -49.953883
31 132 -49.953883
132 32 -51.850027
32 132 -51.850027
132 33 -46.433556
33 132 -46.433556
132 34 -44.921240
34 132 -44.921240
132 41 -44.693269
41 132 -44.693269
132 42 -51.679771
42 132 -51.679771
132 43 -40.781910
43 132 -40.781910
132 52 -49.820468
52 132 -49.820468
133 13 -42.232215
13 133 -42.232215
133 22 -40.391089
22 133 -40.391089
133 23 -48.583550
23 133 -48.583550
133 24 -44.792990
24 133 -44.792990
133 31 -54.523646
31 133 -54.523646
133 32 -52.634743
32 133 -52.634743
133 33 -48.275374
33 133 -48.275374
133 34 -52.757163
34 133 -52.757163
133 35 -51.423926
35 133 -51.423926
133 42 -50.731053
42 133 -50.731053
133 43 -50.682158
43 133 -50.682158
133 44 -48.913423
44 133 -48.913423
133 53 -54.323220
53 133 -54.323220
134 14 -54.434474
14 134 -54.434474
134 23 -50.355864
23 134 -50.355864
134 24 -48.462957
24 134 -48.462957
134 25 -53.328647
25 134 -53.328647
134 32 -49.635184
32 134 -49.635184
134 33 -48.200323
33 134 -48.200323
134 34 -53.261908
34 134 -53.261908
134 35 -43.769360
35 134 -43.769360
134 36 -48.587881
36 134 -48.587881
134 43 -41.936199
43 134 -41.936199
134 44 -51.142692
44 134 -51.142692
134 45 -49.385294
45 134 -49.385294
134 54 -54.625504
54 134 -54.625504
135 15 -44.835270
15 135 -44.835270
135 24 -43.428683
24 135 -43.428683
135 25 -51.496059
25 135 -51.496059
135 26 -52.251334
26 135 -52.251334
135 33 -54.367036
33 135 -54.367036
135 34 -44.877010
34 135 -44.877010
135 35 -51.214529
35 135 -51.214529
135 36 -49.054495
36 135 -49.054495
135 37 -50.796526
37 135 -50.796526
135 44 -54.092294
44 135 -54.092294
135 45 -48.325419
45 135 -48.325419
135 46 -53.710064
46 135 -53.710064
135 55 -46.593110
55 135 -46.593110
136 16 -47.223359
16 136 -47.223359
136 25 -45.044585
25 136 -45.044585
136 26 -52.048854
26 136 -52.048854
136 27 -54.906691
27 136 -54.906691
136 34 -50.012366
34 136 -50.012366
136 35 -46.754387
35 136 -46.754387
136 36 -41.938049
36 136 -41.938049
136 37 -42.624190
37 136 -42.624190
136 38 -47.087737
38 136 -47.087737
136 45 -40.993566
45 136 -40.993566
136 46 -49.051298
46 136 -49.051298
136 47 -50.041028
47 136 -50.041028
136 56 -43.781868
56 136 -43.781868
137 17 -50.724587
17 137 -50.724587
137 26 -53.587563
26 137 -53.587563
137 27 -46.173019
27 137 -46.173019
137 28 -45.641836
28 137 -45.641836
137 35 -49.827908
35 137 -49.827908
137 36 -48.618870
36 137 -48.618870
137 37 -49.497731
37 137 -49.497731
137 38 -44.862856
38 137 -44.862856
137 39 -46.483767
39 137 -46.483767
137 46 -49.959666
46 137 -49.959666
137 47 -54.443571
47 137 -54.443571
137 48 -51.888365
48 137 -51.888365
137 57 -54.840553
57 137 -54.840553
138 18 -49.593493
18 138 -49.593493
138 27 -53.574233
27 138 -53.574233
138 28 -52.756870
28 138 -52.756870
138 29 -44.375919
29 138 -44.375919
138 36 -40.283269
36 138 -40.283269
138 37 -54.686556
37 138 -54.686556
138 38 -53.291376
38 138 -53.291376
138 39 -44.060214
39 138 -44.060214
138 47 -51.785513
47 138 -51.785513
138 48 -45.667482
48 138 -45.667482
138 49 -44.911850
49 138 -44.911850
138 58 -54.691269
58 138 -54.691269
139 19 -50.998846
19 139 -50.998846
139 28 -44.248475
28 139 -44.248475
139 29 -50.236498
29 139 -50.236498
139 37 -41.114261
37 139 -41.114261
139 38 -49.401486
38 139 -49.401486
139 39 -45.451795
39 139 -45.451795
139 48 -43.247281
48 139 -43.247281
139 49 -44.821656
49 139 -44.821656
139 59 -49.445779
59 139 -49.445779
140 20 -54.757594
20 140 -54.757594
140 30 -41.385168
30 140 -41.385168
140 31 -42.161702
31 140 -42.161702
140 40 -44.191676
40 140 -44.191676
140 41 -48.414773
41 140 -48.414773
140 42 -48.515349
42 140 -48.515349
140 50 -41.653419
50 140 -41.653419
140 51 -45.301653
51 140 -45.301653
140 60 -49.168851
60 140 -49.168851
141 21 -49.315026
21 141 -49.315026
141 30 -40.643709
30 141 -40.643709
141 31 -49.059170
31 141 -49.059170
141 32 -54.994866
32 141 -54.994866
141 40 -43.018729
40 141 -43.018729
141 41 -47.532766
41 141 -47.532766
141 42 -49.087467
42 141 -49.087467
141 43 -45.008834
43 141 -45.008834
141 50 -42.591408
50 141 -42.591408
141 51 -44.525027
51 141 -44.525027
141 52 -54.519605
52 141 -54.519605
141 61 -45.363535
61 141 -45.363535
142 22 -51.142576
22 142 -51.142576
142 31 -46.373701
31 142 -46.373701
142 32 -51.761937
32 142 -51.761937
142 33 -51.465747
33 142 -51.465747
142 40 -43.042409
40 142 -43.042409
142 41 -46.569312
41 142 -46.569312
142 42 -42.101170
42 142 -42.101170
142 43 -53.029423
43 142 -53.029423
142 44 -51.305746
44 142 -51.305746
142 51 -40.588745
51 142 -40.588745
142 52 -51.497947
52 142 -51.497947
142 53 -46.756379
53 142 -46.756379
142 62 -51.648804
62 142 -51.648804
143 23 -43.285759
23 143 -43.285759
143 32 -40.800122
32 143 -40.800122
143 33 -50.300428
33 143 -50.300428
143 34 -52.258855
34 143 -52.258855
143 41 -54.103019
41 143 -54.103019
143 42 -53.719966
42 143 -53.719966
143 43 -46.728425
43 143 -46.728425
143 44 -47.317070
44 143 -47.317070
143 45 -46.053391
45 143 -46.053391
143 52 -44.848928
52 143 -44.848928
143 53 -43.107800
53 143 -43.107800
143 54 -54.982862
54 143 -54.982862
143 63 -40.135278
63 143 -40.135278
144 24 -51.027907
24 144 -51.027907
144 33 -50.311231
33 144 -50.311231
144 34 -53.202583
34 144 -53.202583
144 35 -47.855960
35 144 -47.855960
144 42 -51.316893
42 144 -51.316893
144 43 -53.915417
43 144 -53.915417
144 44 -51.007960
44 144 -51.007960
144 45 -47.908778
45 144 -47.908778
144 46 -45.420332
46 144 -45.420332
144 53 -53.816000
53 144 -53.816000
144 54 -52.409151
54 144 -52.409151
144 55 -41.048783
55 144 -41.048783
144 64 -40.609727
64 144 -40.609727
145 25 -41.633552
25 145 -41.633552
145 34 -52.325353
34 145 -52.325353
145 35 -46.236799
35 145 -46.236799
145 36 -47.633994
36 145 -47.633994
145 43 -43.766900
43 145 -43.766900
145 44 -54.403858
44 145 -54.403858
145 45 -54.673882
45 145 -54.673882
145 46 -46.726132
46 145 -46.726132
145 47 -54.998598
47 145 -54.998598
145 54 -51.846281
54 145 -51.846281
145 55 -40.737552
55 145 -40.737552
145 56 -48.173121
56 145 -48.173121
145 65 -54.727875
65 145 -54.727875
146 26 -53.768720
26 146 -53.768720
146 35 -45.290860
35 146 -45.290860
146 36 -50.031613
36 146 -50.031613
146 37 -48.955500
37 146 -48.955500
146 44 -44.953487
44 146 -44.953487
146 45 -53.428211
45 146 -53.428211
146 46 -52.503792
46 146 -52.503792
146 47 -45.975365
47 146 -45.975365
146 48 -41.648673
48 146 -41.648673
146 55 -46.724231
55 146 -46.724231
146 56 -43.927121
56 146 -43.927121
146 57 -48.205758
57 146 -48.205758
146 66 -46.976333
66 146 -46.976333
147 27 -51.360891
27 147 -51.360891
147 36 -40.051952
36 147 -40.051952
147 37 -46.712700
37 147 -46.712700
147 38 -40.710053
38 147 -40.710053
147 45 -47.939720
45 147 -47.939720
147 46 -52.006343
46 147 -52.006343
147 47 -43.346612
47 147 -43.346612
147 48 -51.631196
48 147 -51.631196
147 49 -50.192894
49 147 -50.192894
147 56 -44.307311
56 147 -44.307311
147 57 -50.785352
57 147 -50.785352
147 58 -44.646764
58 147 -44.646764
147 67 -40.297247
67 147 -40.297247
148 28 -52.082181
28 148 -52.082181
148 37 -49.726778
37 148 -49.726778
148 38 -50.725198
38 148 -50.725198
148 39 -41.140532
39 148 -41.140532
148 46 -42.436318
46 148 -42.436318
148 47 -42.619016
47 148 -42.619016
148 48 -49.246892
48 148 -49.246892
148 49 -51.202242
49 148 -51.202242
148 57 -48.195783
57 148 -48.195783
148 58 -50.912965
58 148 -50.912965
148 59 -46.658279
59 148 -46.658279
148 68 -50.767654
68 148 -50.767654
149 29 -53.861996
29 149 -53.861996
149 38 -47.161668
38 149 -47.161668
149 39 -46.840726
39 149 -46.840726
149 47 -50.055758
47 149 -50.055758
149 48 -41.437247
48 149 -41.437247
149 49 -44.398722
49 149 -44.398722
149 58 -47.520616
58 149 -47.520616
149 59 -44.373339
59 149 -44.373339
149 69 -54.984042
69 149 -54.984042
150 30 -45.536456
30 150 -45.536456
150 40 -52.665692
40 150 -52.665692
150 41 -43.956191
41 150 -43.956191
150 50 -43.471764
50 150 -43.471764
150 51 -49.769603
51 150 -49.769603
150 52 -46.187983
52 150 -46.187983
150 60 -42.354398
60 150 -42.354398
150 61 -46.973462
61 150 -46.973462
150 70 -42.367202
70 150 -42.367202
151 31 -48.172077
31 151 -48.172077
151 40 -50.649618
40 151 -50.649618
151 41 -43.057435
41 151 -43.057435
151 42 -47.566105
42 151 -47.566105
151 50 -48.892693
50 151 -48.892693
151 51 -41.868669
51 151 -41.868669
151 52 -40.160216
52 151 -40.160216
151 53 -52.950677
53 151 -52.950677
151 60 -40.598340
60 151 -40.598340
151 61 -40.185710
61 151 -40.185710
151 62 -52.012522
62 151 -52.012522
151 71 -40.260915
71 151 -40.260915
152 32 -46.316680
32 152 -46.316680
152 41 -53.846951
41 152 -53.846951
152 42 -45.771767
42 152 -45.771767
152 43 -47.904347
43 152 -47.904347
152 50 -54.293440
50 152 -54.293440
152 51 -40.977629
51 152 -40.977629
152 52 -40.231107
52 152 -40.231107
152 53 -42.984602
53 152 -42.984602
152 54 -44.801964
54 152 -44.801964
152 61 -49.998405
61 152 -49.998405
152 62 -41.228000
62 152 -41.228000
152 63 -52.401181
63 152 -52.401181
152 72 -43.856711
72 152 -43.856711
153 33 -50.338463
33 153 -50.338463
153 42 -51.310445
42 153 -51.310445
153 43 -41.203033
43 153 -41.203033
153 44 -48.168489
44 153 -48.168489
153 51 -42.295708
51 153 -42.295708
153 52 -49.348750
52 153 -49.348750
153 53 -53.032998
53 153 -53.032998
153 54 -41.450416
54 153 -41.450416
153 55 -43.483470
55 153 -43.483470
153 62 -46.504011
62 153 -46.504011
153 63 -50.384255
63 153 -50.384255
153 64 -54.231703
64 153 -54.231703
153 73 -40.307690
73 153 -40.307690
154 34 -44.941026
34 154 -44.941026
154 43 -54.496312
43 154 -54.496312
154 44 -41.801716
44 154 -41.801716
154 45 -48.529356
45 154 -48.529356
154 52 -52.505859
52 154 -52.505859
154 53 -50.577188
53 154 -50.577188
154 54 -45.679256
54 154 -45.679256
154 55 -42.574187
55 154 -42.574187
154 56 -40.716668
56 154 -40.716668
154 63 -47.314211
63 154 -47.314211
154 64 -53.021120
64 154 -53.021120
154 65 -41.140298
65 154 -41.140298
154 74 -47.982071
74 154 -47.982071
155 35 -52.305730
35 155 -52.305730
155 44 -48.375509
44 155 -48.375509
155 45 -40.989992
45 155 -40.989992
155 46 -47.834184
46 155 -47.834184
155 53 -45.418766
53 155 -45.418766
155 54 -54.796854
54 155 -54.796854
155 55 -40.022498
55 155 -40.022498
155 56 -45.807097
56 155 -45.807097
155 57 -43.427608
57 155 -43.427608
155 64 -46.708860
64 155 -46.708860
155 65 -42.119255
65 155 -42.119255
155 66 -51.099783
66 155 -51.099783
155 75 -47.123771
75 155 -47.123771
156 36 -43.010532
36 156 -43.010532
156 45 -52.099556
45 156 -52.099556
156 46 -47.627591
46 156 -47.627591
156 47 -53.936522
47 156 -53.936522
156 54 -43.975791
54 156 -43.975791
156 55 -41.452107
55 156 -41.452107
156 56 -41.791345
56 156 -41.791345
156 57 -44.001651
57 156 -44.001651
156 58 -43.145621
58 156 -43.145621
156 65 -44.952349
65 156 -44.952349
156 66 -41.535554
66 156 -41.535554
156 67 -54.291237
67 156 -54.291237
156 76 -43.487517
76 156 -43.487517
157 37 -53.259166
37 157 -53.259166
157 46 -46.822387
46 157 -46.822387
157 47 -47.634352
47 157 -47.634352
157 48 -52.944042
48 157 -52.944042
157 55 -50.224983
55 157 -50.224983
157 56 -42.030037
56 157 -42.030037
157 57 -48.770454
57 157 -48.770454
157 58 -44.097098
58 157 -44.097098
157 59 -46.712679
59 157 -46.712679
157 66 -42.720112
66 157 -42.720112
157 67 -54.865891
67 157 -54.865891
157 68 -49.165997
68 157 -49.165997
157 77 -46.233973
77 157 -46.233973
158 38 -47.366640
38 158 -47.366640
158 47 -48.723660
47 158 -48.723660
158 48 -49.868180
48 158 -49.868180
158 49 -40.536427
49 158 -40.536427
158 56 -47.836937
56 158 -47.836937
158 57 -46.217833
57 158 -46.217833
158 58 -40.999578
58 158 -40.999578
158 59 -44.697582
59 158 -44.697582
158 67 -49.392361
67 158 -49.392361
158 68 -50.997042
68 158 -50.997042
158 69 -46.063049
69 158 -46.063049
158 78 -40.190377
78 158 -40.190377
159 39 -54.974357
39 159 -54.974357
159 48 -42.899056
48 159 -42.899056
159 49 -45.092462
49 159 -45.092462
159 57 -53.328041
57 159 -53.328041
159 58 -40.895417
58 159 -40.895417
159 59 -43.743769
59 159 -43.743769
159 68 -52.985528
68 159 -52.985528
159 69 -46.257292
69 159 -46.257292
159 79 -44.197424
79 159 -44.197424
160 40 -51.407011
40 160 -51.407011
160 50 -52.486457
50 160 -52.486457
160 51 -45.144041
51 160 -45.144041
160 60 -41.773726
60 160 -41.773726
160 61 -53.110929
61 160 -53.110929
160 62 -43.019926
62 160 -43.019926
160 70 -45.951200
70 160 -45.951200
160 71 -54.058008
71 160 -54.058008
160 80 -40.858324
80 160 -40.858324
161 41 -53.120581
41 161 -53.120581
161 50 -46.569058
50 161 -46.569058
161 51 -50.421573
51 161 -50.421573
161 52 -49.007292
52 161 -49.007292
161 60 -53.072019
60 161 -53.072019
161 61 -53.447797
61 161 -53.447797
161 62 -53.444393
62 161 -53.444393
161 63 -40.873417
63 161 -40.873417
161 70 -53.438858
70 161 -53.438858
161 71 -49.084653
71 161 -49.084653
161 72 -42.497061
72 161 -42.497061
161 81 -53.458822
81 161 -53.458822
162 42 -43.855694
42 162 -43.855694
162 51 -40.505822
51 162 -40.505822
162 52 -53.141378
52 162 -53.141378
162 53 -41.656282
53 162 -41.656282
162 60 -43.920247
60 162 -43.920247
162 61 -45.574010
61 162 -45.574010
162 62 -52.003660
62 162 -52.003660
162 63 -41.543085
63 162 -41.543085
162 64 -43.760027
64 162 -43.760027
162 71 -54.553133
71 162 -54.553133
162 72 -42.246713
72 162 -42.246713
162 73 -54.032638
73 162 -54.032638
162 82 -49.595179
82 162 -49.595179
163 43 -45.992975
43 163 -45.992975
163 52 -51.613506
52 163 -51.613506
163 53 -49.446050
53 163 -49.446050
163 54 -41.004044
54 163 -41.004044
163 61 -47.052597
61 163 -47.052597
163 62 -51.173546
62 163 -51.173546
163 63 -44.871432
63 163 -44.871432
163 64 -49.752116
64 163 -49.752116
163 65 -50.601970
65 163 -50.601970
163 72 -40.700492
72 163 -40.700492
163 73 -46.759128
73 163 -46.759128
163 74 -52.247089
74 163 -52.247089
163 83 -42.188430
83 163 -42.188430
164 44 -45.925118
44 164 -45.925118
164 53 -49.063201
53 164 -49.063201
164 54 -45.085625
54 164 -45.085625
164 55 -47.687869
55 164 -47.687869
164 62 -42.249850
62 164 -42.249850
164 63 -47.139877
63 164 -47.139877
164 64 -51.398106
64 164 -51.398106
164 65 -47.108948
65 164 -47.108948
164 66 -51.386545
66 164 -51.386545
164 73 -51.537926
73 164 -51.537926
164 74 -48.605223
74 164 -48.605223
164 75 -48.242321
75 164 -48.242321
164 84 -41.937916
84 164 -41.937916
165 45 -52.540285
45 165 -52.540285
165 54 -49.842991
54 165 -49.842991
165 55 -45.293902
55 165 -45.293902
165 56 -50.358684
56 165 -50.358684
165 63 -45.952929
63 165 -45.952929
165 64 -40.695961
64 165 -40.695961
165 65 -43.184651
65 165 -43.184651
165 66 -43.456647
66 165 -43.456647
165 67 -41.969850
67 165 -41.969850
165 74 -40.836178
74 165 -40.836178
165 75 -44.559976
75 165 -44.559976
165 76 -46.600394
76 165 -46.600394
165 85 -48.392516
85 165 -48.392516
166 46 -46.902703
46 166 -46.902703
166 55 -45.794724
55 166 -45.794724
166 56 -44.944012
56 166 -44.944012
166 57 -44.677065
57 166 -44.677065
166 64 -45.670780
64 166 -45.670780
166 65 -50.001812
65 166 -50.001812
166 66 -53.287007
66 166 -53.287007
166 67 -45.120903
67 166 -45.120903
166 68 -52.661946
68 166 -52.661946
166 75 -48.444752
75 166 -48.444752
166 76 -40.137941
76 166 -40.137941
166 77 -50.923456
77 166 -50.923456
166 86 -54.858771
86 166 -54.858771
167 47 -47.461292
47 167 -47.461292
167 56 -42.269906
56 167 -42.269906
167 57 -51.159911
57 167 -51.159911
167 58 -46.875535
58 167 -46.875535
167 65 -48.931482
65 167 -48.931482
167 66 -52.982846
66 167 -52.982846
167 67 -44.467160
67 167 -44.467160
167 68 -54.765387
68 167 -54.765387
167 69 -49.218658
69 167 -49.218658
167 76 -50.705957
76 167 -50.705957
167 77 -46.177968
77 167 -46.177968
167 78 -41.989783
78 167 -41.989783
167 87 -47.804694
87 167 -47.804694
168 48 -49.912022
48 168 -49.912022
168 57 -45.707663
57 168 -45.707663
168 58 -51.013059
58 168 -51.013059
168 59 -53.218049
59 168 -53.218049
168 66 -51.007277
66 168 -51.007277
168 67 -53.257955
67 168 -53.257955
168 68 -42.678804
68 168 -42.678804
168 69 -46.785076
69 168 -46.785076
168 77 -43.755066
77 168 -43.755066
168 78 -53.174998
78 168 -53.174998
168 79 -48.573243
79 168 -48.573243
168 88 -42.180523
88 168 -42.180523
169 49 -40.402357
49 169 -40.402357
169 58 -47.688981
58 169 -47.688981
169 59 -45.406351
59 169 -45.406351
169 67 -40.879778
67 169 -40.879778
169 68 -54.553180
68 169 -54.553180
169 69 -48.831999
69 169 -48.831999
169 78 -52.138795
78 169 -52.138795
169 79 -54.455621
79 169 -54.455621
169 89 -54.184527
89 169 -54.184527
170 50 -53.994840
50 170 -53.994840
170 60 -43.404424
60 170 -43.404424
170 61 -45.432652
61 170 -45.432652
170 70 -46.973739
70 170 -46.973739
170 71 -40.135395
71 170 -40.135395
170 72 -54.628642
72 170 -54.628642
170 80 -52.821157
80 170 -52.821157
170 81 -48.867073
81 170 -48.867073
170 90 -50.938845
90 170 -50.938845
171 51 -42.785823
51 171 -42.785823
171 60 -54.834677
60 171 -54.834677
171 61 -47.544254
61 171 -47.544254
171 62 -44.047586
62 171 -44.047586
171 70 -52.109949
70 171 -52.109949
171 71 -47.836080
71 171 -47.836080
171 72 -49.233677
72 171 -49.233677
171 73 -54.691232
73 171 -54.691232
171 80 -44.688950
80 171 -44.688950
171 81 -53.681952
81 171 -53.681952
171 82 -45.447226
82 171 -45.447226
171 91 -52.808221
91 171 -52.808221
172 52 -42.843312
52 172 -42.843312
172 61 -45.309978
61 172 -45.309978
172 62 -50.754309
62 172 -50.754309
172 63 -52.565288
63 172 -52.565288
172 70 -45.765464
70 172 -45.765464
172 71 -46.526878
71 172 -46.526878
172 72 -40.870781
72 172 -40.870781
172 73 -45.259524
73 172 -45.259524
172 74 -53.262291
74 172 -53.262291
172 81 -49.569784
81 172 -49.569784
172 82 -54.160930
82 172 -54.160930
172 83 -47.665741
83 172 -47.665741
172 92 -51.570562
92 172 -51.570562
173 53 -48.302487
53 173 -48.302487
173 62 -52.785958
62 173 -52.785958
173 63 -41.435839
63 173 -41.435839
173 64 -54.712335
64 173 -54.712335
173 71 -43.535172
71 173 -43.535172
173 72 -51.371585
72 173 -51.371585
173 73 -51.063417
73 173 -51.063417
173 74 -47.047384
74 173 -47.047384
173 75 -47.312937
75 173 -47.312937
173 82 -40.013133
82 173 -40.013133
173 83 -47.284848
83 173 -47.284848
173 84 -43.260763
84 173 -43.260763
173 93 -48.151719
93 173 -48.151719
174 54 -45.742432
54 174 -45.742432
174 63 -45.585584
63 174 -45.585584
174 64 -48.780635
64 174 -48.780635
174 65 -40.577718
65 174 -40.577718
174 72 -45.754372
72 174 -45.754372
174 73 -52.872845
73 174 -52.872845
174 74 -48.558915
74 174 -48.558915
174 75 -44.269902
75 174 -44.269902
174 76 -51.183234
76 174 -51.183234
174 83 -54.981926
83 174 -54.981926
174 84 -53.710075
84 174 -53.710075
174 85 -40.339686
85 174 -40.339686
174 94 -47.711099
94 174 -47.711099
175 55 -40.244505
55 175 -40.244505
175 64 -43.346035
64 175 -43.346035
175 65 -46.232401
65 175 -46.232401
175 66 -47.057099
66 175 -47.057099
175 73 -51.464664
73 175 -51.464664
175 74 -53.107650
74 175 -53.107650
175 75 -48.256717
75 175 -48.256717
175 76 -40.849045
76 175 -40.849045
175 77 -46.480758
77 175 -46.480758
175 84 -42.568818
84 175 -42.568818
175 85 -49.444077
85 175 -49.444077
175 86 -54.584560
86 175 -54.584560
175 95 -46.522549
95 175 -46.522549
176 56 -54.243683
56 176 -54.243683
176 65 -40.772065
65 176 -40.772065
176 66 -47.014036
66 176 -47.014036
176 67 -54.242619
67 176 -54.242619
176 74 -52.033191
74 176 -52.033191
176 75 -47.312589
75 176 -47.312589
176 76 -49.075119
76 176 -49.075119
176 77 -53.405519
77 176 -53.405519
176 78 -54.764557
78 176 -54.764557
176 85 -41.124719
85 176 -41.124719
176 86 -45.631380
86 176 -45.631380
176 87 -44.074668
87 176 -44.074668
176 96 -52.785473
96 176 -52.785473
177 57 -47.915457
57 177 -47.915457
177 66 -44.654459
66 177 -44.654459
177 67 -43.013142
67 177 -43.013142
177 68 -43.412937
68 177 -43.412937
177 75 -40.483047
75 177 -40.483047
177 76 -40.672295
76 177 -40.672295
177 77 -48.187329
77 177 -48.187329
177 78 -51.140271
78 177 -51.140271
177 79 -51.986353
79 177 -51.986353
177 86 -42.175825
86 177 -42.175825
177 87 -47.586723
87 177 -47.586723
177 88 -53.017116
88 177 -53.017116
177 97 -49.999751
97 177 -49.999751
178 58 -51.829730
58 178 -51.829730
178 67 -47.479268
67 178 -47.479268
178 68 -51.183468
68 178 -51.183468
178 69 -51.322201
69 178 -51.322201
178 76 -40.903926
76 178 -40.903926
178 77 -42.716388
77 178 -42.716388
178 78 -43.365161
78 178 -43.365161
178 79 -53.589756
79 178 -53.589756
178 87 -46.543331
87 178 -46.543331
178 88 -41.903423
88 178 -41.903423
178 89 -46.845857
89 178 -46.845857
178 98 -45.565840
98 178 -45.565840
179 59 -48.064422
59 179 -48.064422
179 68 -42.258691
68 179 -42.258691
179 69 -41.584492
69 179 -41.584492
179 77 -45.530862
77 179 -45.530862
179 78 -42.143254
78 179 -42.143254
179 79 -44.596666
79 179 -44.596666
179 88 -45.662664
88 179 -45.662664
179 89 -44.584556
89 179 -44.584556
179 99 -52.419059
99 179 -52.419059
180 60 -46.647474
60 180 -46.647474
180 70 -49.813569
70 180 -49.813569
180 71 -47.886735
71 180 -47.886735
180 80 -51.648660
80 180 -51.648660
180 81 -50.331372
81 180 -50.331372
180 82 -52.967487
82 180 -52.967487
180 90 -50.230027
90 180 -50.230027
180 91 -46.279112
91 180 -46.279112
181 61 -42.009828
61 181 -42.009828
181 70 -46.495978
70 181 -46.495978
181 71 -41.197454
71 181 -41.197454
181 72 -53.700637
72 181 -53.700637
181 80 -45.603154
80 181 -45.603154
181 81 -46.097889
81 181 -46.097889
181 82 -50.345441
82 181 -50.345441
181 83 -54.937478
83 181 -54.937478
181 90 -48.436755
90 181 -48.436755
181 91 -50.553632
91 181 -50.553632
181 92 -49.964890
92 181 -49.964890
182 62 -42.296311
62 182 -42.296311
182 71 -42.685741
71 182 -42.685741
182 72 -53.692586
72 182 -53.692586
182 73 -53.276154
73 182 -53.276154
182 80 -53.427657
80 182 -53.427657
182 81 -46.218676
81 182 -46.218676
182 82 -42.015115
82 182 -42.015115
182 83 -53.152398
83 182 -53.152398
182 84 -42.223533
84 182 -42.223533
182 91 -48.197248
91 182 -48.197248
182 92 -51.015198
92 182 -51.015198
182 93 -46.333244
93 182 -46.333244
183 63 -45.043329
63 183 -45.043329
183 72 -41.098673
72 183 -41.098673
183 73 -44.039898
73 183 -44.039898
183 74 -48.783759
74 183 -48.783759
183 81 -53.657732
81 183 -53.657732
183 82 -47.614012
82 183 -47.614012
183 83 -54.489835
83 183 -54.489835
183 84 -54.045071
84 183 -54.045071
183 85 -52.158848
85 183 -52.158848
183 92 -45.199118
92 183 -45.199118
183 93 -40.765429
93 183 -40.765429
183 94 -44.536394
94 183 -44.536394
184 64 -41.265081
64 184 -41.265081
184 73 -48.419873
73 184 -48.419873
184 74 -43.086202
74 184 -43.086202
184 75 -53.844694
75 184 -53.844694
184 82 -50.188133
82 184 -50.188133
184 83 -44.340281
83 184 -44.340281
184 84 -47.863818
84 184 -47.863818
184 85 -41.055507
85 184 -41.055507
184 86 -48.466963
86 184 -48.466963
184 93 -43.124287
93 184 -43.124287
184 94 -46.984956
94 184 -46.984956
184 95 -41.401314
95 184 -41.401314
185 65 -40.808050
65 185 -40.808050
185 74 -50.786112
74 185 -50.786112
185 75 -53.297250
75 185 -53.297250
185 76 -48.646076
76 185 -48.646076
185 83 -46.281101
83 185 -46.281101
185 84 -41.146232
84 185 -41.146232
185 85 -47.806601
85 185 -47.806601
185 86 -46.334230
86 185 -46.334230
185 87 -52.735036
87 185 -52.735036
185 94 -43.317006
94 185 -43.317006
185 95 -42.723141
95 185 -42.723141
185 96 -41.804803
96 185 -41.804803
186 66 -52.665390
66 186 -52.665390
186 75 -42.365039
75 186 -42.365039
186 76 -50.776321
76 186 -50.776321
186 77 -42.809345
77 186 -42.809345
186 84 -46.296456
84 186 -46.296456
186 85 -53.941750
85 186 -53.941750
186 86 -43.540133
86 186 -43.540133
186 87 -52.461724
87 186 -52.461724
186 88 -44.197344
88 186 -44.197344
186 95 -53.114612
95 186 -53.114612
186 96 -54.048769
96 186 -54.048769
186 97 -47.050673
97 186 -47.050673
187 67 -44.083613
67 187 -44.083613
187 76 -47.030566
76 187 -47.030566
187 77 -42.739823
77 187 -42.739823
187 78 -42.962092
78 187 -42.962092
187 85 -52.377690
85 187 -52.377690
187 86 -50.860815
86 187 -50.860815
187 87 -46.317042
87 187 -46.317042
187 88 -41.147345
88 187 -41.147345
187 89 -40.423287
89 187 -40.423287
187 96 -52.879845
96 187 -52.879845
187 97 -47.707597
97 187 -47.707597
187 98 -52.830926
98 187 -52.830926
188 68 -40.275860
68 188 -40.275860
188 77 -52.457523
77 188 -52.457523
188 78 -41.893061
78 188 -41.893061
188 79 -51.213285
79 188 -51.213285
188 86 -46.458694
86 188 -46.458694
188 87 -48.363752
87 188 -48.363752
188 88 -49.345847
88 188 -49.345847
188 89 -41.983547
89 188 -41.983547
188 97 -45.846730
97 188 -45.846730
188 98 -42.670079
98 188 -42.670079
188 99 -51.678000
99 188 -51.678000
189 69 -40.013366
69 189 -40.013366
189 78 -45.004599
78 189 -45.004599
189 79 -45.497550
79 189 -45.497550
189 87 -50.597800
87 189 -50.597800
189 88 -46.416690
88 189 -46.416690
189 89 -52.168790
89 189 -52.168790
189 98 -53.338396
98 189 -53.338396
189 99 -41.280483
99 189 -41.280483
190 70 -40.021117
70 190 -40.021117
190 80 -42.196087
80 190 -42.196087
190 81 -54.632415
81 190 -54.632415
190 90 -44.194416
90 190 -44.194416
190 91 -47.006806
91 190 -47.006806
190 92 -41.810606
92 190 -41.810606
191 71 -41.161230
71 191 -41.161230
191 80 -48.940156
80 191 -48.940156
191 81 -50.159120
81 191 -50.159120
191 82 -46.600514
82 191 -46.600514
191 90 -50.233528
90 191 -50.233528
191 91 -50.990861
91 191 -50.990861
191 92 -49.257923
92 191 -49.257923
191 93 -41.191606
93 191 -41.191606
192 72 -44.671750
72 192 -44.671750
192 81 -47.602306
81 192 -47.602306
192 82 -48.548238
82 192 -48.548238
192 83 -47.864851
83 192 -47.864851
192 90 -48.786506
90 192 -48.786506
192 91 -49.305538
91 192 -49.305538
192 92 -43.374764
92 192 -43.374764
192 93 -47.910777
93 192 -47.910777
192 94 -47.722602
94 192 -47.722602
193 73 -42.384323
73 193 -42.384323
193 82 -41.560511
82 193 -41.560511
193 83 -45.761250
83 193 -45.761250
193 84 -40.927108
84 193 -40.927108
193 91 -51.719611
91 193 -51.719611
193 92 -47.487599
92 193 -47.487599
193 93 -51.873177
93 193 -51.873177
193 94 -40.643579
94 193 -40.643579
193 95 -47.019628
95 193 -47.019628
194 74 -46.078315
74 194 -46.078315
194 83 -50.627959
83 194 -50.627959
194 84 -51.610458
84 194 -51.610458
194 85 -40.728378
85 194 -40.728378
194 92 -53.771946
92 194 -53.771946
194 93 -54.970695
93 194 -54.970695
194 94 -41.868820
94 194 -41.868820
194 95 -45.273561
95 194 -45.273561
194 96 -49.199749
96 194 -49.199749
195 75 -43.588282
75 195 -43.588282
195 84 -47.750948
84 195 -47.750948
195 85 -43.426550
85 195 -43.426550
195 86 -43.698347
86 195 -43.698347
195 93 -49.379091
93 195 -49.379091
195 94 -48.498258
94 195 -48.498258
195 95 -53.338863
95 195 -53.338863
195 96 -52.663604
96 195 -52.663604
195 97 -50.997573
97 195 -50.997573
196 76 -43.343706
76 196 -43.343706
196 85 -53.898701
85 196 -53.898701
196 86 -41.382540
86 196 -41.382540
196 87 -54.268589
87 196 -54.268589
196 94 -41.051864
94 196 -41.051864
196 95 -50.566763
95 196 -50.566763
196 96 -45.768691
96 196 -45.768691
196 97 -52.621412
97 196 -52.621412
196 98 -45.938882
98 196 -45.938882
197 77 -46.440495
77 197 -46.440495
197 86 -47.014003
86 197 -47.014003
197 87 -41.120952
87 197 -41.120952
197 88 -51.006249
88 197 -51.006249
197 95 -50.899804
95 197 -50.899804
197 96 -52.196307
96 197 -52.196307
197 97 -52.302284
97 197 -52.302284
197 98 -48.236426
98 197 -48.236426
197 99 -42.801475
99 197 -42.801475
198 78 -42.456527
78 198 -42.456527
198 87 -51.083667
87 198 -51.083667
198 88 -44.881671
88 198 -44.881671
198 89 -52.070142
89 198 -52.070142
198 96 -47.367617
96 198 -47.367617
198 97 -44.844557
97 198 -44.844557
198 98 -42.877631
98 198 -42.877631
198 99 -48.237775
99 198 -48.237775
199 79 -45.348668
79 199 -45.348668
199 88 -48.837493
88 199 -48.837493
199 89 -44.874773
89 199 -44.874773
199 97 -42.913471
97 199 -42.913471
199 98 -42.774191
98 199 -42.774191
199 99 -46.993186
99 199 -46.993186
