0 1 -47.175461
0 2 -46.420445
0 3 -51.124267
0 4 -42.597354
0 6 -40.364656
1 0 -48.083451
1 2 -47.619811
1 3 -41.829175
1 4 -48.549689
1 5 -43.948567
1 7 -44.199195
2 0 -45.494729
2 1 -50.876069
2 4 -54.254990
2 5 -53.967022
2 8 -54.675787
3 0 -52.349535
3 1 -53.108413
3 4 -50.738671
3 5 -42.450562
3 6 -52.190260
3 7 -46.064617
4 0 -52.318103
4 1 -49.062504
4 2 -49.913811
4 3 -41.793363
4 5 -46.990906
4 6 -50.654692
4 7 -42.833525
4 8 -44.244273
5 1 -45.156089
5 2 -50.235461
5 3 -53.691443
5 4 -49.742033
5 7 -54.730208
5 8 -46.179655
6 0 -45.584356
6 3 -40.506441
6 4 -46.147906
6 7 -51.401718
6 8 -52.706704
7 1 -46.486768
7 3 -51.812617
7 4 -47.829344
7 5 -41.648377
7 6 -41.057920
7 8 -47.654945
8 2 -45.473946
8 4 -47.023298
8 5 -40.302740
8 6 -41.412577
8 7 -51.224049
9 0 -46.725882
0 9 -46.725882
9 1 -41.027744
1 9 -41.027744
9 3 -45.956248
3 9 -45.956248
10 0 -46.948644
0 10 -46.948644
10 1 -47.378122
1 10 -47.378122
10 2 -50.329288
2 10 -50.329288
10 4 -48.453655
4 10 -48.453655
11 1 -51.802153
1 11 -51.802153
11 2 -54.447977
2 11 -54.447977
11 5 -44.970551
5 11 -44.970551
12 0 -53.470613
0 12 -53.470613
12 3 -54.031589
3 12 -54.031589
12 4 -49.274467
4 12 -49.274467
12 6 -49.872177
6 12 -49.872177
13 1 -44.078005
1 13 -44.078005
13 3 -40.621083
3 13 -40.621083
13 4 -41.808730
4 13 -41.808730
13 5 -45.196209
5 13 -45.196209
13 7 -43.176189
7 13 -43.176189
14 2 -53.378916
2 14 -53.378916
14 4 -50.966549
4 14 -50.966549
14 5 -53.862138
5 14 -53.862138
14 8 -52.709473
8 14 -52.709473
15 3 -47.554779
3 15 -47.554779
15 6 -49.459740
6 15 -49.459740
15 7 -43.569767
7 15 -43.569767
16 4 -44.223969
4 16 -44.223969
16 6 -45.121518
6 16 -45.121518
16 7 -47.278923
7 16 -47.278923
16 8 -50.556409
8 16 -50.556409
17 5 -50.076896
5 17 -50.076896
17 7 -43.375713
7 17 -43.375713
17 8 -45.587138
8 17 -45.587138
