0 1 -43.519274
0 2 -40.644690
0 3 -48.489882
0 4 -41.472837
0 5 -41.859175
0 6 -49.958684
0 7 -42.503626
0 8 -49.404141
0 10 -42.181217
0 11 -40.904538
0 12 -51.401631
0 15 -43.327604
0 16 -41.871610
0 20 -50.328999
1 0 -44.797205
1 2 -47.171522
1 3 -43.178278
1 4 -46.690106
1 5 -46.213809
1 6 -41.487672
1 7 -54.411000
1 8 -46.037662
1 9 -42.223648
1 10 -53.296807
1 11 -47.969207
1 12 -54.708921
1 13 -49.514586
1 15 -48.699338
1 16 -44.971363
1 17 -50.284879
1 21 -51.785874
2 0 -46.087460
2 1 -53.075209
2 3 -46.823073
2 4 -51.326503
2 5 -52.437228
2 6 -50.449006
2 7 -43.091309
2 8 -53.724878
2 9 -47.645249
2 10 -50.155880
2 11 -52.377937
2 12 -46.805529
2 13 -42.227043
2 14 -40.827222
2 16 -49.647245
2 17 -54.738855
2 18 -54.949081
2 22 -52.214693
3 0 -49.306021
3 1 -52.972753
3 2 -52.195128
3 4 -51.143570
3 5 -43.078145
3 6 -51.182624
3 7 -45.080250
3 8 -48.585229
3 9 -50.167724
3 11 -44.219961
3 12 -54.629612
3 13 -45.011058
3 14 -49.237938
3 17 -43.815366
3 18 -49.004352
3 19 -46.680964
3 23 -47.834211
4 0 -41.415874
4 1 -54.006404
4 2 -46.714607
4 3 -52.439269
4 6 -52.522086
4 7 -53.402349
4 8 -54.682925
4 9 -52.644664
4 12 -46.129587
4 13 -45.997751
4 14 -52.860031
4 18 -43.967257
4 19 -46.584229
4 24 -52.565977
5 0 -40.895253
5 1 -48.632326
5 2 -47.714422
5 3 -48.283615
5 6 -44.965736
5 7 -44.162302
5 8 -42.481791
5 9 -50.931560
5 10 -43.640868
5 11 -47.585515
5 12 -52.432336
5 13 -54.690322
5 15 -49.227145
5 16 -49.160601
5 17 -40.231809
5 20 -45.427819
5 21 -44.735557
6 0 -42.108418
6 1 -40.583373
6 2 -46.997235
6 3 -40.651345
6 4 -44.847230
6 5 -41.324738
6 7 -47.986003
6 8 -47.683839
6 9 -44.546993
6 10 -48.537353
6 11 -40.476465
6 12 -44.193564
6 13 -53.693914
6 14 -52.861083
6 15 -54.090913
6 16 -46.581872
6 17 -42.594146
6 18 -48.913825
6 20 -41.189589
6 21 -51.006395
6 22 -50.232735
7 0 -47.531008
7 1 -43.264939
7 2 -51.981743
7 3 -44.855998
7 4 -46.199843
7 5 -48.111052
7 6 -54.269622
7 8 -46.504422
7 9 -53.307630
7 10 -50.160622
7 11 -53.904055
7 12 -51.413082
7 13 -52.394382
7 14 -45.181810
7 15 -41.483522
7 16 -40.271677
7 17 -49.010849
7 18 -45.572826
7 19 -40.149575
7 21 -51.461587
7 22 -43.099468
7 23 -52.534673
8 0 -48.845327
8 1 -54.152153
8 2 -52.714232
8 3 -40.760174
8 4 -46.995344
8 5 -44.381121
8 6 -43.014463
8 7 -42.126316
8 9 -45.613905
8 10 -47.755650
8 11 -40.525196
8 12 -40.616914
8 13 -43.885540
8 14 -50.713671
8 16 -54.061743
8 17 -48.537820
8 18 -43.589437
8 19 -42.078072
8 22 -43.427466
8 23 -50.849483
8 24 -48.172965
9 1 -50.583109
9 2 -45.252987
9 3 -54.436111
9 4 -40.419629
9 5 -43.060102
9 6 -46.602633
9 7 -53.644555
9 8 -44.464728
9 11 -52.099542
9 12 -46.502532
9 13 -42.076165
9 14 -52.025173
9 17 -45.425462
9 18 -48.392155
9 19 -50.768037
9 23 -40.399293
9 24 -52.991077
10 0 -43.744292
10 1 -51.222741
10 2 -43.941406
10 5 -50.394150
10 6 -45.437721
10 7 -46.514551
10 8 -49.503598
10 11 -41.255987
10 12 -44.724212
10 13 -48.247977
10 14 -46.549530
10 15 -46.177766
10 16 -47.806133
10 17 -46.993586
10 18 -44.172329
10 20 -42.745894
10 21 -45.857788
10 22 -49.907447
11 0 -40.208800
11 1 -41.353949
11 2 -54.556469
11 3 -54.490774
11 5 -53.462023
11 6 -44.525763
11 7 -54.665067
11 8 -46.817282
11 9 -46.020586
11 10 -46.143975
11 12 -53.279529
11 13 -50.094696
11 14 -49.092629
11 15 -45.997730
11 16 -48.818162
11 17 -53.263236
11 18 -45.983433
11 19 -54.815529
11 20 -48.220326
11 21 -46.002733
11 22 -54.328346
11 23 -43.787772
12 0 -42.524208
12 1 -50.884452
12 2 -43.354025
12 3 -46.540146
12 4 -49.375022
12 5 -44.965432
12 6 -45.421768
12 7 -42.487572
12 8 -54.558175
12 9 -48.526883
12 10 -42.320755
12 11 -50.444179
12 13 -43.374449
12 14 -45.281035
12 15 -49.153554
12 16 -44.785698
12 17 -43.472493
12 18 -53.427908
12 19 -51.815835
12 20 -51.283255
12 21 -45.095795
12 22 -44.815567
12 23 -51.408883
12 24 -50.945452
13 1 -50.886036
13 2 -40.979528
13 3 -53.453281
13 4 -47.709130
13 5 -40.980869
13 6 -42.031920
13 7 -41.927621
13 8 -41.467438
13 9 -52.958404
13 10 -50.695170
13 11 -40.591949
13 12 -41.910822
13 14 -46.228579
13 15 -44.122957
13 16 -48.065162
13 17 -41.427043
13 18 -47.321751
13 19 -43.261548
13 21 -50.595026
13 22 -51.215061
13 23 -52.663304
13 24 -43.805945
14 2 -45.511661
14 3 -42.800689
14 4 -41.570389
14 6 -51.840725
14 7 -44.882199
14 8 -49.585199
14 9 -51.172919
14 10 -40.933592
14 11 -47.781975
14 12 -46.484372
14 13 -41.586029
14 16 -46.491269
14 17 -43.839597
14 18 -50.347953
14 19 -50.562964
14 22 -50.166012
14 23 -53.919668
14 24 -41.760577
15 0 -52.770436
15 1 -54.399379
15 5 -41.455079
15 6 -52.294275
15 7 -46.883855
15 10 -48.834068
15 11 -46.901777
15 12 -43.627291
15 13 -42.038135
15 16 -49.127413
15 17 -43.304959
15 18 -54.711362
15 19 -46.301973
15 20 -42.246104
15 21 -50.646723
15 22 -51.730591
15 23 -53.752716
16 0 -53.219122
16 1 -47.529200
16 2 -44.029436
16 5 -52.297938
16 6 -45.219732
16 7 -46.030374
16 8 -51.012677
16 10 -51.083315
16 11 -49.639766
16 12 -53.225899
16 13 -53.237479
16 14 -43.845111
16 15 -51.182790
16 17 -46.201304
16 18 -47.206357
16 19 -46.048458
16 20 -50.240930
16 21 -47.003293
16 22 -44.623885
16 23 -44.111268
16 24 -42.708902
17 1 -50.735888
17 2 -52.822189
17 3 -43.132367
17 5 -54.665748
17 6 -44.199921
17 7 -48.803786
17 8 -51.601068
17 9 -46.993355
17 10 -43.963168
17 11 -50.538356
17 12 -45.540009
17 13 -42.848299
17 14 -47.842871
17 15 -49.202024
17 16 -42.473757
17 18 -54.213312
17 19 -47.931347
17 20 -45.965344
17 21 -40.228785
17 22 -52.394314
17 23 -49.416480
17 24 -47.485885
18 2 -48.010025
18 3 -42.046071
18 4 -52.156093
18 6 -51.074117
18 7 -49.100037
18 8 -52.269965
18 9 -42.557910
18 10 -45.734535
18 11 -48.410776
18 12 -50.120655
18 13 -42.171329
18 14 -50.501119
18 15 -41.008858
18 16 -44.484571
18 17 -53.736639
18 19 -52.311739
18 20 -44.565921
18 21 -47.355676
18 22 -42.831497
18 23 -52.338506
18 24 -51.184968
19 3 -47.659855
19 4 -54.663053
19 7 -46.474212
19 8 -42.299864
19 9 -49.074318
19 11 -54.731990
19 12 -43.018940
19 13 -43.983853
19 14 -40.520554
19 15 -54.464455
19 16 -48.858161
19 17 -48.694522
19 18 -44.084609
19 21 -42.825508
19 22 -41.058834
19 23 -53.467539
19 24 -54.209318
20 0 -49.411245
20 5 -44.477460
20 6 -51.072928
20 10 -40.407305
20 11 -54.083767
20 12 -47.458894
20 15 -47.484463
20 16 -45.526414
20 17 -54.548184
20 18 -41.292017
20 21 -54.718763
20 22 -40.761899
20 23 -43.028002
20 24 -50.168132
21 1 -52.527298
21 5 -51.896005
21 6 -46.946073
21 7 -50.901891
21 10 -53.941358
21 11 -45.448058
21 12 -49.645975
21 13 -44.891529
21 15 -41.605918
21 16 -41.402269
21 17 -53.318687
21 18 -54.247603
21 19 -40.515304
21 20 -54.185107
21 22 -54.582730
21 23 -50.591458
21 24 -47.589841
22 2 -52.150984
22 6 -45.146802
22 7 -47.172777
22 8 -43.977487
22 10 -43.491229
22 11 -41.954262
22 12 -42.065817
22 13 -49.794529
22 14 -49.384195
22 15 -52.345726
22 16 -41.030693
22 17 -47.951011
22 18 -43.809504
22 19 -46.109233
22 20 -43.322674
22 21 -42.068709
22 23 -43.611406
22 24 -53.334555
23 3 -43.239170
23 7 -42.557592
23 8 -44.246067
23 9 -49.754956
23 11 -40.233732
23 12 -41.547386
23 13 -46.657460
23 14 -54.784911
23 15 -54.142052
23 16 -45.507695
23 17 -42.392204
23 18 -53.831853
23 19 -50.405642
23 20 -48.613518
23 21 -49.448850
23 22 -47.547901
23 24 -53.388022
24 4 -44.190888
24 8 -44.825818
24 9 -52.077179
24 12 -51.104129
24 13 -51.919876
24 14 -49.519928
24 16 -51.219516
24 17 -48.829076
24 18 -46.856877
24 19 -42.681882
24 20 -43.347720
24 21 -41.641082
24 22 -49.312175
24 23 -46.473272
25 0 -48.381066
0 25 -48.381066
25 1 -42.256479
1 25 -42.256479
25 2 -52.205743
2 25 -52.205743
25 5 -47.601570
5 25 -47.601570
25 6 -51.983611
6 25 -51.983611
25 10 -53.675080
10 25 -53.675080
26 0 -51.120230
0 26 -51.120230
26 1 -45.963292
1 26 -45.963292
26 2 -46.331931
2 26 -46.331931
26 3 -49.815226
3 26 -49.815226
26 5 -50.517513
5 26 -50.517513
26 6 -54.992261
6 26 -54.992261
26 7 -45.549129
7 26 -45.549129
26 11 -54.506528
11 26 -54.506528
27 0 -48.904138
0 27 -48.904138
27 1 -48.599798
1 27 -48.599798
27 2 -45.793361
2 27 -45.793361
27 3 -48.827180
3 27 -48.827180
27 4 -47.210445
4 27 -47.210445
27 6 -53.792307
6 27 -53.792307
27 7 -54.080797
7 27 -54.080797
27 8 -53.509544
8 27 -53.509544
27 12 -49.736546
12 27 -49.736546
28 1 -52.416149
1 28 -52.416149
28 2 -46.839949
2 28 -46.839949
28 3 -46.389217
3 28 -46.389217
28 4 -41.647971
4 28 -41.647971
28 7 -51.536435
7 28 -51.536435
28 8 -50.522067
8 28 -50.522067
28 9 -45.803785
9 28 -45.803785
28 13 -45.113959
13 28 -45.113959
29 2 -44.920874
2 29 -44.920874
29 3 -40.690728
3 29 -40.690728
29 4 -48.445990
4 29 -48.445990
29 8 -50.486695
8 29 -50.486695
29 9 -48.432840
9 29 -48.432840
29 14 -54.568087
14 29 -54.568087
30 0 -54.991427
0 30 -54.991427
30 1 -54.682778
1 30 -54.682778
30 5 -48.030819
5 30 -48.030819
30 6 -53.313161
6 30 -53.313161
30 7 -48.794384
7 30 -48.794384
30 10 -53.076430
10 30 -53.076430
30 11 -54.723285
11 30 -54.723285
30 15 -41.336757
15 30 -41.336757
31 0 -51.776347
0 31 -51.776347
31 1 -43.182321
1 31 -43.182321
31 2 -47.658562
2 31 -47.658562
31 5 -53.965965
5 31 -53.965965
31 6 -53.526815
6 31 -53.526815
31 7 -52.489950
7 31 -52.489950
31 8 -45.358650
8 31 -45.358650
31 10 -53.800457
10 31 -53.800457
31 11 -52.859523
11 31 -52.859523
31 12 -50.084532
12 31 -50.084532
31 16 -54.084355
16 31 -54.084355
32 1 -51.333860
1 32 -51.333860
32 2 -54.171263
2 32 -54.171263
32 3 -41.507032
3 32 -41.507032
32 5 -49.002034
5 32 -49.002034
32 6 -52.614643
6 32 -52.614643
32 7 -43.398407
7 32 -43.398407
32 8 -40.004968
8 32 -40.004968
32 9 -46.439927
9 32 -46.439927
32 11 -54.540623
11 32 -54.540623
32 12 -42.689389
12 32 -42.689389
32 13 -43.341190
13 32 -43.341190
32 17 -42.971610
17 32 -42.971610
33 2 -46.714648
2 33 -46.714648
33 3 -43.063552
3 33 -43.063552
33 4 -47.481204
4 33 -47.481204
33 6 -51.191546
6 33 -51.191546
33 7 -42.268104
7 33 -42.268104
33 8 -43.219642
8 33 -43.219642
33 9 -51.260744
9 33 -51.260744
33 12 -50.711911
12 33 -50.711911
33 13 -42.920528
13 33 -42.920528
33 14 -41.628604
14 33 -41.628604
33 18 -52.819001
18 33 -52.819001
34 3 -51.129730
3 34 -51.129730
34 4 -51.135177
4 34 -51.135177
34 7 -50.149087
7 34 -50.149087
34 8 -44.586136
8 34 -44.586136
34 9 -47.739444
9 34 -47.739444
34 13 -53.415219
13 34 -53.415219
34 14 -43.112977
14 34 -43.112977
34 19 -47.523301
19 34 -47.523301
35 0 -52.005788
0 35 -52.005788
35 5 -49.517350
5 35 -49.517350
35 6 -41.842966
6 35 -41.842966
35 10 -49.415702
10 35 -49.415702
35 11 -44.644780
11 35 -44.644780
35 12 -45.545549
12 35 -45.545549
35 15 -47.949702
15 35 -47.949702
35 16 -44.639950
16 35 -44.639950
35 20 -40.992807
20 35 -40.992807
36 1 -49.049270
1 36 -49.049270
36 5 -45.283722
5 36 -45.283722
36 6 -53.328086
6 36 -53.328086
36 7 -43.346665
7 36 -43.346665
36 10 -54.212424
10 36 -54.212424
36 11 -51.067733
11 36 -51.067733
36 12 -49.184000
12 36 -49.184000
36 13 -50.574718
13 36 -50.574718
36 15 -42.453872
15 36 -42.453872
36 16 -41.224876
16 36 -41.224876
36 17 -43.305774
17 36 -43.305774
36 21 -44.407808
21 36 -44.407808
37 2 -52.667337
2 37 -52.667337
37 6 -42.033549
6 37 -42.033549
37 7 -40.667620
7 37 -40.667620
37 8 -43.034433
8 37 -43.034433
37 10 -42.444987
10 37 -42.444987
37 11 -54.626247
11 37 -54.626247
37 12 -47.401473
12 37 -47.401473
37 13 -45.970615
13 37 -45.970615
37 14 -41.668834
14 37 -41.668834
37 16 -41.322262
16 37 -41.322262
37 17 -46.303268
17 37 -46.303268
37 18 -43.544507
18 37 -43.544507
37 22 -51.985359
22 37 -51.985359
38 3 -40.182319
3 38 -40.182319
38 7 -43.796448
7 38 -43.796448
38 8 -45.442356
8 38 -45.442356
38 9 -42.845388
9 38 -42.845388
38 11 -42.417467
11 38 -42.417467
38 12 -53.240817
12 38 -53.240817
38 13 -54.394090
13 38 -54.394090
38 14 -47.658715
14 38 -47.658715
38 17 -53.728831
17 38 -53.728831
38 18 -52.759366
18 38 -52.759366
38 19 -54.180062
19 38 -54.180062
38 23 -54.008367
23 38 -54.008367
39 4 -43.751416
4 39 -43.751416
39 8 -48.512377
8 39 -48.512377
39 9 -53.659363
9 39 -53.659363
39 12 -45.633564
12 39 -45.633564
39 13 -43.520835
13 39 -43.520835
39 14 -41.920249
14 39 -41.920249
39 18 -42.730090
18 39 -42.730090
39 19 -41.025867
19 39 -41.025867
39 24 -47.133081
24 39 -47.133081
40 5 -41.878734
5 40 -41.878734
40 10 -54.546313
10 40 -54.546313
40 11 -49.041182
11 40 -49.041182
40 15 -49.527945
15 40 -49.527945
40 16 -46.693329
16 40 -46.693329
40 17 -53.402552
17 40 -53.402552
40 20 -46.065535
20 40 -46.065535
40 21 -54.652405
21 40 -54.652405
41 6 -53.545622
6 41 -53.545622
41 10 -45.414843
10 41 -45.414843
41 11 -46.260432
11 41 -46.260432
41 12 -50.021098
12 41 -50.021098
41 15 -40.552652
15 41 -40.552652
41 16 -50.220383
16 41 -50.220383
41 17 -46.080532
17 41 -46.080532
41 18 -47.671061
18 41 -47.671061
41 20 -48.078955
20 41 -48.078955
41 21 -46.250199
21 41 -46.250199
41 22 -42.522141
22 41 -42.522141
42 7 -50.678170
7 42 -50.678170
42 11 -53.585005
11 42 -53.585005
42 12 -47.013269
12 42 -47.013269
42 13 -43.097459
13 42 -43.097459
42 15 -53.586033
15 42 -53.586033
42 16 -54.357861
16 42 -54.357861
42 17 -54.651362
17 42 -54.651362
42 18 -53.035686
18 42 -53.035686
42 19 -40.578598
19 42 -40.578598
42 21 -40.551037
21 42 -40.551037
42 22 -41.256502
22 42 -41.256502
42 23 -54.626092
23 42 -54.626092
43 8 -47.915089
8 43 -47.915089
43 12 -44.771304
12 43 -44.771304
43 13 -46.568629
13 43 -46.568629
43 14 -42.770949
14 43 -42.770949
43 16 -50.932375
16 43 -50.932375
43 17 -45.402751
17 43 -45.402751
43 18 -43.287521
18 43 -43.287521
43 19 -42.865364
19 43 -42.865364
43 22 -44.579138
22 43 -44.579138
43 23 -52.555930
23 43 -52.555930
43 24 -52.735513
24 43 -52.735513
44 9 -42.447840
9 44 -42.447840
44 13 -43.465622
13 44 -43.465622
44 14 -51.641987
14 44 -51.641987
44 17 -48.078777
17 44 -48.078777
44 18 -51.536466
18 44 -51.536466
44 19 -54.557409
19 44 -54.557409
44 23 -47.758158
23 44 -47.758158
44 24 -45.267992
24 44 -45.267992
45 10 -43.248462
10 45 -43.248462
45 15 -40.354723
15 45 -40.354723
45 16 -50.372673
16 45 -50.372673
45 20 -51.469234
20 45 -51.469234
45 21 -40.615806
21 45 -40.615806
45 22 -43.473302
22 45 -43.473302
46 11 -42.300692
11 46 -42.300692
46 15 -41.173637
15 46 -41.173637
46 16 -51.675106
16 46 -51.675106
46 17 -52.008793
17 46 -52.008793
46 20 -49.437990
20 46 -49.437990
46 21 -40.254460
21 46 -40.254460
46 22 -41.649070
22 46 -41.649070
46 23 -40.406683
23 46 -40.406683
47 12 -54.186059
12 47 -54.186059
47 16 -48.135622
16 47 -48.135622
47 17 -52.744026
17 47 -52.744026
47 18 -48.456732
18 47 -48.456732
47 20 -43.270362
20 47 -43.270362
47 21 -43.451845
21 47 -43.451845
47 22 -46.694147
22 47 -46.694147
47 23 -46.559726
23 47 -46.559726
47 24 -46.020456
24 47 -46.020456
48 13 -47.710446
13 48 -47.710446
48 17 -50.164492
17 48 -50.164492
48 18 -42.259347
18 48 -42.259347
48 19 -51.054434
19 48 -51.054434
48 21 -41.646321
21 48 -41.646321
48 22 -46.611707
22 48 -46.611707
48 23 -51.857171
23 48 -51.857171
48 24 -44.415975
24 48 -44.415975
49 14 -44.063398
14 49 -44.063398
49 18 -42.790794
18 49 -42.790794
49 19 -46.817783
19 49 -46.817783
49 22 -48.745321
22 49 -48.745321
49 23 -46.762761
23 49 -46.762761
49 24 -44.489154
24 49 -44.489154
