0 10
10 0
10 20
20 10
20 30
30 20
30 40
40 30
40 50
50 40
50 60
60 50
60 70
70 60
70 80
80 70
80 90
90 80
90 91
91 90
91 92
92 91
92 93
93 92
93 94
94 93
94 95
95 94
95 96
96 95
96 97
97 96
97 98
98 97
98 99
99 98
99 89
89 99
89 88
88 89
88 87
87 88
87 86
86 87
86 85
85 86
85 84
84 85
84 83
83 84
83 82
82 83
82 81
81 82
81 71
71 81
71 72
72 71
72 73
73 72
73 74
74 73
74 75
75 74
75 76
76 75
76 77
77 76
77 78
78 77
78 79
79 78
79 69
69 79
69 68
68 69
68 67
67 68
67 66
66 67
66 65
65 66
65 64
64 65
64 63
63 64
63 62
62 63
62 61
61 62
61 51
51 61
51 52
52 51
52 53
53 52
53 54
54 53
54 55
55 54
55 56
56 55
56 57
57 56
57 58
58 57
58 59
59 58
59 49
49 59
49 48
48 49
48 47
47 48
47 46
46 47
46 45
45 46
45 44
44 45
44 43
43 44
43 42
42 43
42 41
41 42
41 31
31 41
31 32
32 31
32 33
33 32
33 34
34 33
34 35
35 34
35 36
36 35
36 37
37 36
37 38
38 37
38 39
39 38
39 29
29 39
29 28
28 29
28 27
27 28
27 26
26 27
26 25
25 26
25 24
24 25
24 23
23 24
23 22
22 23
22 21
21 22
21 11
11 21
11 12
12 11
12 13
13 12
13 14
14 13
14 15
15 14
15 16
16 15
16 17
17 16
17 18
18 17
18 19
19 18
19 9
9 19
9 8
8 9
8 7
7 8
7 6
6 7
6 5
5 6
5 4
4 5
4 3
3 4
3 2
2 3
2 1
1 2
1 0
0 1
