57 51
51 57
51 86
86 51
86 24
24 86
24 42
42 24
42 41
41 42
41 22
22 41
22 78
78 22
78 15
15 78
15 30
30 15
30 66
66 30
66 35
35 66
35 56
56 35
56 45
45 56
45 92
92 45
92 21
21 92
21 20
20 21
20 74
74 20
74 0
0 74
0 62
62 0
62 70
70 62
70 75
75 70
75 26
26 75
26 87
87 26
87 93
93 87
93 73
73 93
73 7
7 73
7 59
59 7
59 85
85 59
85 89
89 85
89 48
48 89
48 53
53 48
53 90
90 53
90 96
96 90
96 83
83 96
83 61
61 83
61 82
82 61
82 97
97 82
97 33
33 97
33 50
50 33
50 37
37 50
37 3
3 37
3 69
69 3
69 55
55 69
55 58
58 55
58 9
9 58
9 14
14 9
14 13
13 14
13 5
5 13
5 91
91 5
91 17
17 91
17 34
34 17
34 84
84 34
84 67
67 84
67 71
71 67
71 79
79 71
79 6
6 79
6 68
68 6
68 1
1 68
1 27
27 1
27 32
32 27
32 29
29 32
29 18
18 29
18 99
99 18
99 4
4 99
4 38
38 4
38 81
81 38
81 63
63 81
63 19
19 63
19 43
43 19
43 54
54 43
54 39
39 54
39 95
95 39
95 10
10 95
10 25
25 10
25 77
77 25
77 64
64 77
64 11
11 64
11 23
23 11
23 76
76 23
76 16
16 76
16 49
49 16
49 2
2 49
2 46
46 2
46 8
8 46
8 47
47 8
47 80
80 47
80 65
65 80
65 52
52 65
52 40
40 52
40 94
94 40
94 60
60 94
60 12
12 60
12 31
31 12
31 88
88 31
88 28
28 88
28 98
98 28
98 72
72 98
72 44
44 72
44 36
36 44
36 57
57 36
