0 2
2 0
2 4
4 2
4 6
6 4
6 8
8 6
8 11
11 8
11 13
13 11
13 15
15 13
15 17
17 15
17 19
19 17
19 22
22 19
22 24
24 22
24 26
26 24
26 28
28 26
28 30
30 28
30 33
33 30
33 35
35 33
35 37
37 35
37 41
41 37
41 44
44 41
44 46
46 44
46 48
48 46
48 50
50 48
50 52
52 50
52 55
55 52
55 57
57 55
57 61
61 57
61 63
63 61
63 66
66 63
66 68
68 66
68 70
70 68
70 72
72 70
72 74
74 72
74 77
77 74
77 81
81 77
81 83
83 81
83 85
85 83
85 88
88 85
88 90
90 88
90 92
92 90
92 94
94 92
94 96
96 94
96 3
3 96
3 7
7 3
7 12
12 7
12 14
14 12
14 18
18 14
18 20
20 18
20 23
23 20
23 27
27 23
27 32
32 27
32 36
36 32
36 39
39 36
39 43
43 39
43 47
47 43
47 54
54 47
54 58
58 54
58 60
60 58
60 65
65 60
65 71
71 65
71 76
76 71
76 79
79 76
79 82
82 79
82 87
87 82
87 91
91 87
91 95
95 91
95 98
98 95
98 5
5 98
5 16
16 5
16 21
21 16
21 29
29 21
29 34
34 29
34 42
42 34
42 49
49 42
49 51
51 49
51 56
56 51
56 64
64 56
64 69
69 64
69 73
73 69
73 78
78 73
78 86
86 78
86 89
89 86
89 97
97 89
97 1
1 97
1 9
9 1
9 25
25 9
25 31
31 25
31 40
40 31
40 45
45 40
45 62
62 45
62 75
75 62
75 80
80 75
80 38
38 80
38 53
53 38
53 59
59 53
59 84
84 59
84 99
99 84
99 10
10 99
10 67
67 10
67 93
93 67
93 0
0 93
