0 1 -43.697785
0 10 -49.745673
1 0 -49.059300
1 2 -41.213004
1 11 -43.992135
2 1 -46.552845
2 3 -43.589540
2 12 -45.899969
3 2 -42.784410
3 4 -49.217938
3 13 -46.973124
4 3 -43.080561
4 5 -51.651929
4 14 -40.043498
5 4 -48.082768
5 6 -46.362252
5 15 -48.215179
6 5 -42.272357
6 7 -40.222765
6 16 -46.206151
7 6 -43.647529
7 8 -51.935767
7 17 -52.982674
8 7 -48.684075
8 9 -54.122619
8 18 -49.737321
9 8 -47.112571
9 19 -52.749624
10 0 -44.176166
10 11 -44.137380
10 20 -40.987566
11 1 -47.679828
11 10 -50.619168
11 12 -44.478700
11 21 -49.657237
12 2 -53.004742
12 11 -40.936589
12 13 -54.581512
12 22 -48.466017
13 3 -40.427065
13 12 -47.361938
13 14 -40.696364
13 23 -48.824043
14 4 -40.383737
14 13 -49.583133
14 15 -46.935627
14 24 -52.491354
15 5 -50.974331
15 14 -48.584297
15 16 -45.865373
15 25 -52.680285
16 6 -45.322400
16 15 -54.101292
16 17 -50.608239
16 26 -40.529439
17 7 -48.980485
17 16 -43.284792
17 18 -50.618584
17 27 -51.475485
18 8 -42.721240
18 17 -44.510559
18 19 -54.892174
18 28 -45.278996
19 9 -42.524806
19 18 -54.749059
19 29 -53.041018
20 10 -50.051794
20 21 -51.960228
20 30 -49.195213
21 11 -46.282724
21 20 -46.035368
21 22 -42.493368
21 31 -54.101384
22 12 -40.912303
22 21 -48.679074
22 23 -54.747979
22 32 -43.274105
23 13 -46.912465
23 22 -42.646792
23 24 -53.942095
23 33 -51.516126
24 14 -47.979907
24 23 -54.942512
24 25 -45.207757
24 34 -52.115422
25 15 -51.312538
25 24 -41.290384
25 26 -49.819885
25 35 -40.635965
26 16 -49.558524
26 25 -45.939854
26 27 -53.873946
26 36 -48.944081
27 17 -49.440034
27 26 -51.081964
27 28 -41.754586
27 37 -52.815676
28 18 -52.778084
28 27 -46.385746
28 29 -44.499772
28 38 -41.340918
29 19 -47.302557
29 28 -45.461406
29 39 -49.299789
30 20 -41.377141
30 31 -54.030962
30 40 -44.083999
31 21 -42.333639
31 30 -53.061261
31 32 -47.192517
31 41 -53.550962
32 22 -46.066538
32 31 -41.015170
32 33 -54.079892
32 42 -43.515707
33 23 -49.481421
33 32 -41.710447
33 34 -54.077990
33 43 -43.790559
34 24 -48.485998
34 33 -51.687225
34 35 -52.797103
34 44 -51.811038
35 25 -41.683554
35 34 -45.510833
35 36 -42.144871
35 45 -54.682539
36 26 -42.719354
36 35 -44.121556
36 37 -52.724805
36 46 -43.330403
37 27 -40.598814
37 36 -51.417866
37 38 -43.426296
37 47 -40.757076
38 28 -42.875508
38 37 -54.205755
38 39 -43.797577
38 48 -52.252799
39 29 -49.877568
39 38 -43.442709
39 49 -51.585782
40 30 -47.527688
40 41 -43.097528
40 50 -40.476746
41 31 -48.253650
41 40 -52.760770
41 42 -53.522401
41 51 -46.480851
42 32 -43.637221
42 41 -52.145222
42 43 -45.178563
42 52 -40.372324
43 33 -43.185681
43 42 -42.696005
43 44 -40.725015
43 53 -53.656179
44 34 -45.791707
44 43 -51.806748
44 45 -45.737343
44 54 -53.390134
45 35 -42.707972
45 44 -52.211577
45 46 -51.695766
45 55 -49.398238
46 36 -50.362468
46 45 -54.655461
46 47 -40.217238
46 56 -48.540230
47 37 -54.220014
47 46 -53.149788
47 48 -51.680455
47 57 -49.099666
48 38 -45.597917
48 47 -53.318150
48 49 -52.800850
48 58 -43.850922
49 39 -51.615465
49 48 -47.452079
49 59 -42.973180
50 40 -48.158985
50 51 -48.208765
50 60 -50.788041
51 41 -43.110302
51 50 -43.896971
51 52 -54.658045
51 61 -47.787344
52 42 -48.548299
52 51 -52.486234
52 53 -41.521105
52 62 -51.625612
53 43 -49.963218
53 52 -49.449802
53 54 -44.958595
53 63 -43.289452
54 44 -42.473940
54 53 -51.090580
54 55 -49.931071
54 64 -42.106802
55 45 -48.298944
55 54 -45.819570
55 56 -50.525125
55 65 -47.131347
56 46 -51.316328
56 55 -52.905143
56 57 -40.135342
56 66 -50.332952
57 47 -52.641356
57 56 -40.376634
57 58 -49.646689
57 67 -48.516520
58 48 -50.776732
58 57 -40.164711
58 59 -50.557008
58 68 -50.632736
59 49 -52.038536
59 58 -40.052513
59 69 -47.196969
60 50 -44.951887
60 61 -45.594922
60 70 -40.739569
61 51 -49.916226
61 60 -50.024873
61 62 -42.005692
61 71 -54.871381
62 52 -43.857260
62 61 -42.187771
62 63 -46.199931
62 72 -54.596804
63 53 -45.823709
63 62 -54.217389
63 64 -52.751451
63 73 -45.449104
64 54 -54.939135
64 63 -45.525818
64 65 -51.788199
64 74 -42.395307
65 55 -41.845986
65 64 -51.910101
65 66 -52.497919
65 75 -41.398353
66 56 -43.101255
66 65 -54.464333
66 67 -40.147322
66 76 -46.038369
67 57 -50.218798
67 66 -44.035650
67 68 -43.736920
67 77 -54.030075
68 58 -54.927394
68 67 -45.642478
68 69 -52.922583
68 78 -51.259171
69 59 -45.163426
69 68 -48.064591
69 79 -41.525000
70 60 -53.995286
70 71 -53.247079
70 80 -52.585711
71 61 -48.029260
71 70 -43.034048
71 72 -44.990820
71 81 -54.752005
72 62 -51.575667
72 71 -54.545395
72 73 -46.820730
72 82 -49.536561
73 63 -45.019729
73 72 -44.619575
73 74 -51.787648
73 83 -53.204784
74 64 -48.318690
74 73 -47.244193
74 75 -52.204793
74 84 -46.172616
75 65 -41.329683
75 74 -48.686247
75 76 -43.173081
75 85 -51.575628
76 66 -51.567082
76 75 -46.477812
76 77 -45.263634
76 86 -53.009448
77 67 -42.333478
77 76 -47.224176
77 78 -41.014760
77 87 -54.419192
78 68 -52.912155
78 77 -46.450253
78 79 -43.953203
78 88 -44.168599
79 69 -48.807473
79 78 -40.604796
79 89 -47.658772
80 70 -43.824604
80 81 -49.492596
80 90 -47.373921
81 71 -40.889551
81 80 -40.469744
81 82 -47.276260
81 91 -47.472773
82 72 -43.782135
82 81 -51.577182
82 83 -53.496405
82 92 -46.623323
83 73 -52.915266
83 82 -46.399742
83 84 -46.542646
83 93 -48.004123
84 74 -48.341574
84 83 -50.814412
84 85 -42.131751
84 94 -54.484172
85 75 -47.401025
85 84 -53.858029
85 86 -47.703164
85 95 -50.314413
86 76 -42.837199
86 85 -49.451446
86 87 -48.439888
86 96 -51.652546
87 77 -40.195719
87 86 -48.354668
87 88 -51.800388
87 97 -40.395029
88 78 -51.832117
88 87 -52.866697
88 89 -47.611762
88 98 -50.874898
89 79 -47.871273
89 88 -45.445515
89 99 -50.602331
90 80 -40.789581
90 91 -43.034490
91 81 -42.258808
91 90 -50.118406
91 92 -49.675496
92 82 -43.679016
92 91 -54.479927
92 93 -45.898417
93 83 -44.862116
93 92 -45.194875
93 94 -46.630646
94 84 -48.156875
94 93 -44.395062
94 95 -51.942418
95 85 -48.047335
95 94 -46.912413
95 96 -44.913471
96 86 -48.084166
96 95 -42.890796
96 97 -40.596540
97 87 -44.104255
97 96 -44.603010
97 98 -50.355434
98 88 -47.244632
98 97 -41.209229
98 99 -44.365761
99 89 -48.893989
99 98 -47.078713
100 0 -44.794745
0 100 -44.794745
100 1 -52.175406
1 100 -52.175406
101 1 -40.470746
1 101 -40.470746
101 2 -42.175814
2 101 -42.175814
102 2 -49.033180
2 102 -49.033180
102 3 -40.042042
3 102 -40.042042
103 3 -41.028611
3 103 -41.028611
103 4 -42.125342
4 103 -42.125342
104 4 -54.858920
4 104 -54.858920
104 5 -49.565122
5 104 -49.565122
105 5 -43.495795
5 105 -43.495795
105 6 -52.704573
6 105 -52.704573
106 6 -45.054051
6 106 -45.054051
106 7 -50.736372
7 106 -50.736372
107 7 -45.477119
7 107 -45.477119
107 8 -41.466093
8 107 -41.466093
108 8 -45.771929
8 108 -45.771929
108 9 -44.633367
9 108 -44.633367
109 0 -47.477554
0 109 -47.477554
109 10 -40.100850
10 109 -40.100850
110 1 -49.528832
1 110 -49.528832
110 11 -45.776182
11 110 -45.776182
111 2 -49.715247
2 111 -49.715247
111 12 -52.007132
12 111 -52.007132
112 3 -48.917165
3 112 -48.917165
112 13 -46.116804
13 112 -46.116804
113 4 -41.320380
4 113 -41.320380
113 14 -50.310062
14 113 -50.310062
114 5 -40.210686
5 114 -40.210686
114 15 -45.319957
15 114 -45.319957
115 6 -43.908022
6 115 -43.908022
115 16 -44.012308
16 115 -44.012308
116 7 -40.832576
7 116 -40.832576
116 17 -43.055086
17 116 -43.055086
117 8 -54.957833
8 117 -54.957833
117 18 -49.389539
18 117 -49.389539
118 9 -43.582729
9 118 -43.582729
118 19 -54.676045
19 118 -54.676045
119 10 -53.643122
10 119 -53.643122
119 11 -49.551954
11 119 -49.551954
120 11 -46.081293
11 120 -46.081293
120 12 -49.956641
12 120 -49.956641
121 12 -53.849624
12 121 -53.849624
121 13 -54.677897
13 121 -54.677897
122 13 -40.452861
13 122 -40.452861
122 14 -43.955642
14 122 -43.955642
123 14 -49.928526
14 123 -49.928526
123 15 -54.924985
15 123 -54.924985
124 15 -43.898538
15 124 -43.898538
124 16 -50.579282
16 124 -50.579282
125 16 -52.545989
16 125 -52.545989
125 17 -53.646096
17 125 -53.646096
126 17 -46.721174
17 126 -46.721174
126 18 -50.657941
18 126 -50.657941
127 18 -43.724479
18 127 -43.724479
127 19 -42.479390
19 127 -42.479390
128 10 -47.837917
10 128 -47.837917
128 20 -53.621398
20 128 -53.621398
129 11 -51.862318
11 129 -51.862318
129 21 -53.729624
21 129 -53.729624
130 12 -44.757716
12 130 -44.757716
130 22 -45.312340
22 130 -45.312340
131 13 -51.846655
13 131 -51.846655
131 23 -50.601964
23 131 -50.601964
132 14 -46.325763
14 132 -46.325763
132 24 -51.091445
24 132 -51.091445
133 15 -40.712739
15 133 -40.712739
133 25 -51.847542
25 133 -51.847542
134 16 -42.768908
16 134 -42.768908
134 26 -47.645581
26 134 -47.645581
135 17 -46.187450
17 135 -46.187450
135 27 -46.409432
27 135 -46.409432
136 18 -45.393181
18 136 -45.393181
136 28 -47.454915
28 136 -47.454915
137 19 -44.010019
19 137 -44.010019
137 29 -42.457297
29 137 -42.457297
138 20 -46.031143
20 138 -46.031143
138 21 -43.405343
21 138 -43.405343
139 21 -42.906774
21 139 -42.906774
139 22 -43.581793
22 139 -43.581793
140 22 -51.607106
22 140 -51.607106
140 23 -46.449511
23 140 -46.449511
141 23 -45.010377
23 141 -45.010377
141 24 -51.295985
24 141 -51.295985
142 24 -43.703704
24 142 -43.703704
142 25 -51.311303
25 142 -51.311303
143 25 -50.459533
25 143 -50.459533
143 26 -53.832805
26 143 -53.832805
144 26 -49.251307
26 144 -49.251307
144 27 -42.437359
27 144 -42.437359
145 27 -48.456155
27 145 -48.456155
145 28 -43.148156
28 145 -43.148156
146 28 -48.309078
28 146 -48.309078
146 29 -51.726292
29 146 -51.726292
147 20 -50.439345
20 147 -50.439345
147 30 -48.383730
30 147 -48.383730
148 21 -53.847169
21 148 -53.847169
148 31 -49.119259
31 148 -49.119259
149 22 -49.663383
22 149 -49.663383
149 32 -43.655060
32 149 -43.655060
150 23 -44.513016
23 150 -44.513016
150 33 -43.537969
33 150 -43.537969
151 24 -47.782307
24 151 -47.782307
151 34 -40.317429
34 151 -40.317429
152 25 -42.887345
25 152 -42.887345
152 35 -53.416171
35 152 -53.416171
153 26 -50.519573
26 153 -50.519573
153 36 -46.747060
36 153 -46.747060
154 27 -46.982085
27 154 -46.982085
154 37 -51.499777
37 154 -51.499777
155 28 -53.488523
28 155 -53.488523
155 38 -53.236440
38 155 -53.236440
156 29 -46.879644
29 156 -46.879644
156 39 -54.206984
39 156 -54.206984
157 30 -45.008818
30 157 -45.008818
157 31 -53.748796
31 157 -53.748796
158 31 -40.967736
31 158 -40.967736
158 32 -48.860943
32 158 -48.860943
159 32 -49.244681
32 159 -49.244681
159 33 -40.644674
33 159 -40.644674
160 33 -41.968976
33 160 -41.968976
160 34 -53.176536
34 160 -53.176536
161 34 -42.523408
34 161 -42.523408
161 35 -48.622649
35 161 -48.622649
162 35 -47.516592
35 162 -47.516592
162 36 -49.056171
36 162 -49.056171
163 36 -40.257724
36 163 -40.257724
163 37 -45.316470
37 163 -45.316470
164 37 -45.673849
37 164 -45.673849
164 38 -47.477546
38 164 -47.477546
165 38 -43.461188
38 165 -43.461188
165 39 -54.668697
39 165 -54.668697
166 30 -44.024787
30 166 -44.024787
166 40 -42.151315
40 166 -42.151315
167 31 -49.647664
31 167 -49.647664
167 41 -52.735156
41 167 -52.735156
168 32 -40.407109
32 168 -40.407109
168 42 -52.971036
42 168 -52.971036
169 33 -40.094521
33 169 -40.094521
169 43 -45.087444
43 169 -45.087444
170 34 -45.707384
34 170 -45.707384
170 44 -44.847496
44 170 -44.847496
171 35 -44.183095
35 171 -44.183095
171 45 -43.536962
45 171 -43.536962
172 36 -51.674062
36 172 -51.674062
172 46 -42.084355
46 172 -42.084355
173 37 -50.337566
37 173 -50.337566
173 47 -41.479119
47 173 -41.479119
174 38 -45.599763
38 174 -45.599763
174 48 -47.183402
48 174 -47.183402
175 39 -49.725807
39 175 -49.725807
175 49 -47.969375
49 175 -47.969375
176 40 -48.012457
40 176 -48.012457
176 41 -45.754269
41 176 -45.754269
177 41 -51.273995
41 177 -51.273995
177 42 -50.866713
42 177 -50.866713
178 42 -54.922561
42 178 -54.922561
178 43 -42.787229
43 178 -42.787229
179 43 -40.908935
43 179 -40.908935
179 44 -45.602695
44 179 -45.602695
180 44 -46.718394
44 180 -46.718394
180 45 -45.472564
45 180 -45.472564
181 45 -54.967884
45 181 -54.967884
181 46 -50.809511
46 181 -50.809511
182 46 -46.196673
46 182 -46.196673
182 47 -40.176714
47 182 -40.176714
183 47 -42.044876
47 183 -42.044876
183 48 -46.080938
48 183 -46.080938
184 48 -40.954960
48 184 -40.954960
184 49 -50.723034
49 184 -50.723034
185 40 -41.524555
40 185 -41.524555
185 50 -53.142252
50 185 -53.142252
186 41 -45.762080
41 186 -45.762080
186 51 -44.068698
51 186 -44.068698
187 42 -52.770990
42 187 -52.770990
187 52 -51.269767
52 187 -51.269767
188 43 -41.143306
43 188 -41.143306
188 53 -41.664261
53 188 -41.664261
189 44 -43.242763
44 189 -43.242763
189 54 -48.757082
54 189 -48.757082
190 45 -54.850647
45 190 -54.850647
190 55 -43.713970
55 190 -43.713970
191 46 -44.681454
46 191 -44.681454
191 56 -45.975558
56 191 -45.975558
192 47 -43.242509
47 192 -43.242509
192 57 -50.162906
57 192 -50.162906
193 48 -45.226425
48 193 -45.226425
193 58 -48.960445
58 193 -48.960445
194 49 -49.718673
49 194 -49.718673
194 59 -43.392760
59 194 -43.392760
195 50 -50.832157
50 195 -50.832157
195 51 -40.477697
51 195 -40.477697
196 51 -50.699237
51 196 -50.699237
196 52 -52.837612
52 196 -52.837612
197 52 -49.487988
52 197 -49.487988
197 53 -43.602794
53 197 -43.602794
198 53 -52.492207
53 198 -52.492207
198 54 -45.483310
54 198 -45.483310
199 54 -43.989815
54 199 -43.989815
199 55 -51.889352
55 199 -51.889352
200 55 -52.972315
55 200 -52.972315
200 56 -51.653849
56 200 -51.653849
201 56 -52.145566
56 201 -52.145566
201 57 -53.744804
57 201 -53.744804
202 57 -54.301516
57 202 -54.301516
202 58 -41.132836
58 202 -41.132836
203 58 -46.961798
58 203 -46.961798
203 59 -50.153153
59 203 -50.153153
204 50 -45.214667
50 204 -45.214667
204 60 -46.737099
60 204 -46.737099
205 51 -49.272895
51 205 -49.272895
205 61 -53.161159
61 205 -53.161159
206 52 -48.559331
52 206 -48.559331
206 62 -53.581168
62 206 -53.581168
207 53 -47.391871
53 207 -47.391871
207 63 -51.645643
63 207 -51.645643
208 54 -50.708610
54 208 -50.708610
208 64 -54.447142
64 208 -54.447142
209 55 -51.570967
55 209 -51.570967
209 65 -42.305169
65 209 -42.305169
210 56 -50.971846
56 210 -50.971846
210 66 -42.454041
66 210 -42.454041
211 57 -48.101723
57 211 -48.101723
211 67 -41.395098
67 211 -41.395098
212 58 -53.869445
58 212 -53.869445
212 68 -53.201222
68 212 -53.201222
213 59 -52.813026
59 213 -52.813026
213 69 -49.848830
69 213 -49.848830
214 60 -43.514585
60 214 -43.514585
214 61 -44.533436
61 214 -44.533436
215 61 -46.918041
61 215 -46.918041
215 62 -40.035824
62 215 -40.035824
216 62 -52.069886
62 216 -52.069886
216 63 -41.540619
63 216 -41.540619
217 63 -43.382893
63 217 -43.382893
217 64 -41.700058
64 217 -41.700058
218 64 -41.854678
64 218 -41.854678
218 65 -46.882023
65 218 -46.882023
219 65 -50.215613
65 219 -50.215613
219 66 -42.186083
66 219 -42.186083
220 66 -53.501032
66 220 -53.501032
220 67 -49.751316
67 220 -49.751316
221 67 -46.004358
67 221 -46.004358
221 68 -41.881014
68 221 -41.881014
222 68 -40.567806
68 222 -40.567806
222 69 -54.736300
69 222 -54.736300
223 60 -52.681165
60 223 -52.681165
223 70 -54.275338
70 223 -54.275338
224 61 -53.953965
61 224 -53.953965
224 71 -50.665451
71 224 -50.665451
225 62 -53.889422
62 225 -53.889422
225 72 -53.016173
72 225 -53.016173
226 63 -50.156528
63 226 -50.156528
226 73 -44.708622
73 226 -44.708622
227 64 -54.292496
64 227 -54.292496
227 74 -42.331321
74 227 -42.331321
228 65 -40.505521
65 228 -40.505521
228 75 -45.193205
75 228 -45.193205
229 66 -40.418270
66 229 -40.418270
229 76 -48.632802
76 229 -48.632802
230 67 -48.752915
67 230 -48.752915
230 77 -48.619947
77 230 -48.619947
231 68 -54.095404
68 231 -54.095404
231 78 -47.700246
78 231 -47.700246
232 69 -50.624203
69 232 -50.624203
232 79 -51.426135
79 232 -51.426135
233 70 -52.517645
70 233 -52.517645
233 71 -54.385171
71 233 -54.385171
234 71 -44.449498
71 234 -44.449498
234 72 -52.209145
72 234 -52.209145
235 72 -50.576336
72 235 -50.576336
235 73 -51.660379
73 235 -51.660379
236 73 -46.015442
73 236 -46.015442
236 74 -50.827252
74 236 -50.827252
237 74 -49.187449
74 237 -49.187449
237 75 -50.158309
75 237 -50.158309
238 75 -41.129874
75 238 -41.129874
238 76 -45.341812
76 238 -45.341812
239 76 -42.990755
76 239 -42.990755
239 77 -48.715777
77 239 -48.715777
240 77 -42.276443
77 240 -42.276443
240 78 -50.312811
78 240 -50.312811
241 78 -53.175453
78 241 -53.175453
241 79 -52.724493
79 241 -52.724493
242 70 -47.374162
70 242 -47.374162
242 80 -54.197670
80 242 -54.197670
243 71 -49.660857
71 243 -49.660857
243 81 -52.757875
81 243 -52.757875
244 72 -53.106814
72 244 -53.106814
244 82 -51.565120
82 244 -51.565120
245 73 -43.249872
73 245 -43.249872
245 83 -52.388109
83 245 -52.388109
246 74 -42.979386
74 246 -42.979386
246 84 -51.532914
84 246 -51.532914
247 75 -45.825091
75 247 -45.825091
247 85 -50.178959
85 247 -50.178959
248 76 -47.385172
76 248 -47.385172
248 86 -47.717688
86 248 -47.717688
249 77 -40.322162
77 249 -40.322162
249 87 -40.109438
87 249 -40.109438
250 78 -52.958274
78 250 -52.958274
250 88 -44.152006
88 250 -44.152006
251 79 -50.732857
79 251 -50.732857
251 89 -43.175221
89 251 -43.175221
252 80 -41.223691
80 252 -41.223691
252 81 -53.329492
81 252 -53.329492
253 81 -52.175220
81 253 -52.175220
253 82 -40.789836
82 253 -40.789836
254 82 -54.825013
82 254 -54.825013
254 83 -48.165470
83 254 -48.165470
255 83 -51.403471
83 255 -51.403471
255 84 -44.570016
84 255 -44.570016
256 84 -46.448731
84 256 -46.448731
256 85 -47.426486
85 256 -47.426486
257 85 -42.272892
85 257 -42.272892
257 86 -40.737776
86 257 -40.737776
258 86 -53.691108
86 258 -53.691108
258 87 -49.796971
87 258 -49.796971
259 87 -45.682993
87 259 -45.682993
259 88 -52.829279
88 259 -52.829279
260 88 -43.987300
88 260 -43.987300
260 89 -41.050880
89 260 -41.050880
261 80 -49.076277
80 261 -49.076277
261 90 -42.416737
90 261 -42.416737
262 81 -47.191958
81 262 -47.191958
262 91 -42.670880
91 262 -42.670880
263 82 -49.815896
82 263 -49.815896
263 92 -52.562740
92 263 -52.562740
264 83 -45.428403
83 264 -45.428403
264 93 -48.082348
93 264 -48.082348
265 84 -42.423576
84 265 -42.423576
265 94 -44.200105
94 265 -44.200105
266 85 -54.713865
85 266 -54.713865
266 95 -47.873277
95 266 -47.873277
267 86 -51.329101
86 267 -51.329101
267 96 -45.690653
96 267 -45.690653
268 87 -50.919374
87 268 -50.919374
268 97 -48.522995
97 268 -48.522995
269 88 -52.544347
88 269 -52.544347
269 98 -50.953263
98 269 -50.953263
270 89 -42.496125
89 270 -42.496125
270 99 -50.843781
99 270 -50.843781
271 90 -42.308775
90 271 -42.308775
271 91 -45.669402
91 271 -45.669402
272 91 -54.103904
91 272 -54.103904
272 92 -41.461625
92 272 -41.461625
273 92 -49.514158
92 273 -49.514158
273 93 -46.248665
93 273 -46.248665
274 93 -52.938785
93 274 -52.938785
274 94 -53.465573
94 274 -53.465573
275 94 -54.021781
94 275 -54.021781
275 95 -52.556801
95 275 -52.556801
276 95 -52.054153
95 276 -52.054153
276 96 -48.350528
96 276 -48.350528
277 96 -42.929633
96 277 -42.929633
277 97 -40.400822
97 277 -40.400822
278 97 -43.663018
97 278 -43.663018
278 98 -47.401077
98 278 -47.401077
279 98 -44.088236
98 279 -44.088236
279 99 -50.103612
99 279 -50.103612
