0 1 -48.539575
0 2 -46.793280
0 3 -54.847038
0 4 -52.715464
0 5 -40.907900
0 6 -42.756882
0 7 -43.674304
0 8 -54.558615
1 0 -48.330487
1 2 -53.858337
1 3 -53.672707
1 4 -51.561200
1 5 -42.599880
1 6 -51.238896
1 7 -46.582829
1 8 -49.802466
2 0 -46.076813
2 1 -40.263068
2 3 -44.604629
2 4 -40.442676
2 5 -51.613551
2 6 -53.729010
2 7 -54.626002
2 8 -40.474648
3 0 -54.518620
3 1 -42.081979
3 2 -43.236692
3 4 -43.579884
3 5 -46.853553
3 6 -48.408081
3 7 -47.732363
3 8 -40.741510
4 0 -54.772237
4 1 -46.540200
4 2 -54.888746
4 3 -46.568442
4 5 -47.264945
4 6 -45.098623
4 7 -43.726555
4 8 -51.855361
5 0 -49.888795
5 1 -46.115195
5 2 -49.134340
5 3 -53.671507
5 4 -48.493155
5 6 -45.396893
5 7 -53.361413
5 8 -44.121434
6 0 -54.447727
6 1 -54.516689
6 2 -49.979064
6 3 -40.796383
6 4 -48.713229
6 5 -43.663447
6 7 -42.321709
6 8 -44.833504
7 0 -41.734554
7 1 -52.853786
7 2 -49.138765
7 3 -43.196649
7 4 -48.312089
7 5 -42.098807
7 6 -47.232997
7 8 -45.738888
8 0 -45.246293
8 1 -43.506777
8 2 -51.769541
8 3 -43.388814
8 4 -41.675904
8 5 -42.858470
8 6 -44.823955
8 7 -48.473279
9 0 -46.428076
0 9 -46.428076
9 1 -41.347337
1 9 -41.347337
9 2 -48.166232
2 9 -48.166232
9 3 -54.804879
3 9 -54.804879
9 4 -51.637604
4 9 -51.637604
9 6 -44.905694
6 9 -44.905694
10 0 -54.338811
0 10 -54.338811
10 1 -52.971543
1 10 -52.971543
10 2 -49.287201
2 10 -49.287201
10 3 -48.740492
3 10 -48.740492
10 4 -48.771531
4 10 -48.771531
10 5 -47.020296
5 10 -47.020296
10 7 -41.859785
7 10 -41.859785
11 0 -49.407538
0 11 -49.407538
11 1 -50.064269
1 11 -50.064269
11 2 -51.024231
2 11 -51.024231
11 4 -45.521727
4 11 -45.521727
11 5 -53.540864
5 11 -53.540864
11 8 -42.251842
8 11 -42.251842
12 0 -42.229117
0 12 -42.229117
12 1 -49.986454
1 12 -49.986454
12 3 -54.814208
3 12 -54.814208
12 4 -53.405998
4 12 -53.405998
12 5 -52.596805
5 12 -52.596805
12 6 -50.391466
6 12 -50.391466
12 7 -50.275773
7 12 -50.275773
13 0 -42.724034
0 13 -42.724034
13 1 -43.709682
1 13 -43.709682
13 2 -45.747947
2 13 -45.747947
13 3 -44.990504
3 13 -44.990504
13 4 -42.118137
4 13 -42.118137
13 5 -49.272941
5 13 -49.272941
13 6 -48.702702
6 13 -48.702702
13 7 -53.641239
7 13 -53.641239
13 8 -42.574865
8 13 -42.574865
14 1 -54.446259
1 14 -54.446259
14 2 -54.323176
2 14 -54.323176
14 3 -52.862871
3 14 -52.862871
14 4 -44.820720
4 14 -44.820720
14 5 -53.922387
5 14 -53.922387
14 7 -49.096172
7 14 -49.096172
14 8 -43.894990
8 14 -43.894990
15 0 -42.706599
0 15 -42.706599
15 3 -50.186698
3 15 -50.186698
15 4 -52.075603
4 15 -52.075603
15 6 -49.005098
6 15 -49.005098
15 7 -41.100352
7 15 -41.100352
15 8 -52.284203
8 15 -52.284203
16 1 -43.645979
1 16 -43.645979
16 3 -43.258008
3 16 -43.258008
16 4 -41.209959
4 16 -41.209959
16 5 -48.768916
5 16 -48.768916
16 6 -48.453212
6 16 -48.453212
16 7 -50.318239
7 16 -50.318239
16 8 -42.418735
8 16 -42.418735
17 2 -54.316119
2 17 -54.316119
17 4 -49.051789
4 17 -49.051789
17 5 -54.002352
5 17 -54.002352
17 6 -48.950317
6 17 -48.950317
17 7 -51.240683
7 17 -51.240683
17 8 -42.460324
8 17 -42.460324
