0 21
21 0
21 43
43 21
43 65
65 43
65 87
87 65
87 99
99 87
99 98
98 99
98 97
97 98
97 96
96 97
96 95
95 96
95 94
94 95
94 93
93 94
93 92
92 93
92 91
91 92
91 90
90 91
90 82
82 90
82 84
84 82
84 86
86 84
86 88
88 86
88 89
89 88
89 79
79 89
79 78
78 79
78 77
77 78
77 85
85 77
85 83
83 85
83 81
81 83
81 80
80 81
80 72
72 80
72 74
74 72
74 76
76 74
76 75
75 76
75 73
73 75
73 71
71 73
71 70
70 71
70 62
62 70
62 64
64 62
64 66
66 64
66 68
68 66
68 69
69 68
69 67
67 69
67 59
59 67
59 58
58 59
58 57
57 58
57 56
56 57
56 55
55 56
55 63
63 55
63 61
61 63
61 60
60 61
60 52
52 60
52 54
54 52
54 53
53 54
53 51
51 53
51 50
50 51
50 42
42 50
42 44
44 42
44 46
46 44
46 48
48 46
48 49
49 48
49 47
47 49
47 45
45 47
45 37
37 45
37 39
39 37
39 38
38 39
38 36
36 38
36 35
35 36
35 34
34 35
34 33
33 34
33 41
41 33
41 40
40 41
40 32
32 40
32 31
31 32
31 30
30 31
30 20
20 30
20 12
12 20
12 24
24 12
24 26
26 24
26 28
28 26
28 29
29 28
29 27
27 29
27 25
25 27
25 23
23 25
23 15
15 23
15 17
17 15
17 19
19 17
19 18
18 19
18 16
16 18
16 14
14 16
14 13
13 14
13 11
11 13
11 10
10 11
10 2
2 10
2 4
4 2
4 6
6 4
6 8
8 6
8 9
9 8
9 7
7 9
7 5
5 7
5 3
3 5
3 1
1 3
1 22
22 1
22 0
0 22
