8 50
50 8
50 38
38 50
38 17
17 38
17 33
33 17
33 23
23 33
23 0
0 23
0 67
67 0
67 10
10 67
10 64
64 10
64 40
40 64
40 73
73 40
73 88
88 73
88 11
11 88
11 39
39 11
39 78
78 39
78 86
86 78
86 93
93 86
93 97
97 93
97 74
74 97
74 25
25 74
25 96
96 25
96 41
41 96
41 45
45 41
45 34
34 45
34 1
1 34
1 24
24 1
24 75
75 24
75 55
55 75
55 12
12 55
12 42
42 12
42 56
56 42
56 92
92 56
92 62
62 92
62 5
5 62
5 49
49 5
49 28
28 49
28 7
7 28
7 9
9 7
9 47
47 9
47 53
53 47
53 69
69 53
69 65
65 69
65 29
29 65
29 37
37 29
37 63
63 37
63 90
90 63
90 68
68 90
68 57
57 68
57 4
4 57
4 31
31 4
31 80
80 31
80 6
6 80
6 70
70 6
70 52
52 70
52 27
27 52
27 36
36 27
36 94
94 36
94 84
84 94
84 14
14 84
14 3
3 14
3 22
22 3
22 91
91 22
91 83
83 91
83 98
98 83
98 77
77 98
77 46
46 77
46 61
61 46
61 59
59 61
59 44
44 59
44 95
95 44
95 16
16 95
16 2
2 16
2 85
85 2
85 13
13 85
13 32
32 13
32 79
79 32
79 19
19 79
19 48
48 19
48 89
89 48
89 18
18 89
18 76
76 18
76 43
43 76
43 35
35 43
35 87
87 35
87 72
72 87
72 99
99 72
99 51
51 99
51 66
66 51
66 71
71 66
71 30
30 71
30 21
21 30
21 20
20 21
20 60
60 20
60 26
26 60
26 82
82 26
82 15
15 82
15 58
58 15
58 54
54 58
54 81
81 54
81 8
8 81
