3 6
6 3
6 10
10 6
10 29
29 10
29 33
33 29
33 36
36 33
36 40
40 36
40 59
59 40
59 63
63 59
63 66
66 63
66 70
70 66
70 89
89 70
89 93
93 89
93 96
96 93
96 9
9 96
9 20
20 9
20 23
23 20
23 26
26 23
26 39
39 26
39 50
50 39
50 53
53 50
53 56
56 53
56 69
69 56
69 80
80 69
80 83
83 80
83 86
86 83
86 99
99 86
99 2
2 99
2 5
5 2
5 8
8 5
8 32
32 8
32 35
35 32
35 38
38 35
38 62
62 38
62 65
65 62
65 68
68 65
68 92
92 68
92 95
95 92
95 98
98 95
98 11
11 98
11 14
14 11
14 17
17 14
17 43
43 17
43 46
46 43
46 49
49 46
49 73
73 49
73 76
76 73
76 79
79 76
79 90
90 79
90 22
22 90
22 25
25 22
25 28
28 25
28 52
52 28
52 55
55 52
55 58
58 55
58 82
82 58
82 85
85 82
85 88
88 85
88 21
21 88
21 24
24 21
24 27
27 24
27 51
51 27
51 54
54 51
54 67
67 54
67 81
81 67
81 84
84 81
84 97
97 84
97 4
4 97
4 31
31 4
31 34
34 31
34 37
37 34
37 61
61 37
61 64
64 61
64 77
77 64
77 91
91 77
91 94
94 91
94 12
12 94
12 15
15 12
15 18
18 15
18 42
42 18
42 45
45 42
45 48
48 45
48 72
72 48
72 75
75 72
75 78
78 75
78 1
1 78
1 16
16 1
16 30
30 16
30 44
44 30
44 47
47 44
47 71
71 47
71 74
74 71
74 0
0 74
0 13
13 0
13 57
57 13
57 60
60 57
60 87
87 60
87 7
7 87
7 41
41 7
41 19
19 41
19 3
3 19
