0 1 -47.283958
0 2 -49.830366
0 10 -52.959914
0 11 -44.892604
0 12 -46.213623
0 20 -42.927095
0 21 -47.603335
0 22 -54.960154
1 0 -48.869619
1 2 -52.243959
1 3 -48.654179
1 10 -41.020757
1 11 -50.613224
1 12 -47.051051
1 13 -48.038398
1 20 -46.172635
1 21 -42.937409
1 22 -52.623916
1 23 -44.329421
2 0 -43.234513
2 1 -49.474093
2 3 -42.972110
2 4 -44.933523
2 10 -50.030158
2 11 -42.186488
2 12 -49.007007
2 13 -45.840829
2 14 -44.619690
2 20 -51.274371
2 21 -53.398886
2 22 -53.882427
2 23 -49.937526
2 24 -43.814118
3 1 -43.203730
3 2 -51.405049
3 4 -52.980593
3 5 -52.031044
3 11 -40.939758
3 12 -44.865256
3 13 -50.818587
3 14 -41.789908
3 15 -44.841813
3 21 -49.074954
3 22 -50.235196
3 23 -52.493795
3 24 -49.190378
3 25 -49.881930
4 2 -47.255317
4 3 -43.105512
4 5 -53.548365
4 6 -44.172185
4 12 -40.851143
4 13 -45.279747
4 14 -40.838088
4 15 -49.049765
4 16 -48.820771
4 22 -41.004820
4 23 -50.123770
4 24 -54.810983
4 25 -49.259591
4 26 -47.003005
5 3 -46.264754
5 4 -45.313230
5 6 -46.951828
5 7 -47.619699
5 13 -41.270887
5 14 -46.441764
5 15 -51.048875
5 16 -43.416131
5 17 -48.040947
5 23 -47.494584
5 24 -42.948319
5 25 -44.327074
5 26 -54.950803
5 27 -40.810374
6 4 -45.716151
6 5 -54.495183
6 7 -54.478711
6 8 -49.790497
6 14 -53.173875
6 15 -50.001375
6 16 -54.671278
6 17 -53.917522
6 18 -42.091635
6 24 -41.258418
6 25 -50.048854
6 26 -45.193513
6 27 -45.223702
6 28 -49.280231
7 5 -41.997869
7 6 -51.024449
7 8 -42.760846
7 9 -48.549819
7 15 -51.847850
7 16 -45.991869
7 17 -40.942132
7 18 -43.920803
7 19 -50.638841
7 25 -41.547879
7 26 -53.154026
7 27 -45.956682
7 28 -48.942979
7 29 -42.460045
8 6 -49.686261
8 7 -52.536424
8 9 -45.379932
8 16 -52.582793
8 17 -44.942244
8 18 -45.304102
8 19 -42.576640
8 26 -40.111358
8 27 -47.963245
8 28 -49.929011
8 29 -49.416676
9 7 -44.158404
9 8 -45.201054
9 17 -50.780049
9 18 -42.824752
9 19 -43.422620
9 27 -44.769847
9 28 -53.181099
9 29 -54.507435
10 0 -52.810943
10 1 -44.196547
10 2 -42.026164
10 11 -41.786300
10 12 -54.638536
10 20 -41.742234
10 21 -46.850199
10 22 -52.002183
10 30 -53.288639
10 31 -49.621425
10 32 -52.056503
11 0 -40.060147
11 1 -48.255022
11 2 -42.911338
11 3 -42.611932
11 10 -46.150387
11 12 -45.647148
11 13 -53.824893
11 20 -49.884029
11 21 -49.167351
11 22 -45.349701
11 23 -42.868387
11 30 -40.309398
11 31 -50.385160
11 32 -47.174653
11 33 -49.149858
12 0 -44.181424
12 1 -51.970308
12 2 -54.339849
12 3 -42.209103
12 4 -43.589427
12 10 -44.393717
12 11 -40.800167
12 13 -53.116910
12 14 -49.116760
12 20 -54.169192
12 21 -40.786929
12 22 -48.916933
12 23 -52.982846
12 24 -47.209867
12 30 -41.133584
12 31 -49.084291
12 32 -45.448316
12 33 -51.598602
12 34 -50.427034
13 1 -41.438512
13 2 -45.221851
13 3 -40.096159
13 4 -48.048086
13 5 -46.844588
13 11 -51.696430
13 12 -46.104709
13 14 -46.786060
13 15 -53.142102
13 21 -52.069743
13 22 -40.417373
13 23 -53.574826
13 24 -48.847091
13 25 -43.890669
13 31 -53.774063
13 32 -41.261163
13 33 -54.045343
13 34 -45.108842
13 35 -54.132629
14 2 -40.630964
14 3 -42.084157
14 4 -45.595395
14 5 -45.942865
14 6 -41.465949
14 12 -50.144644
14 13 -42.232387
14 15 -44.274109
14 16 -41.893333
14 22 -43.477565
14 23 -44.596315
14 24 -42.328099
14 25 -48.086476
14 26 -54.863911
14 32 -49.875285
14 33 -41.074541
14 34 -54.650795
14 35 -50.359630
14 36 -46.223589
15 3 -43.691245
15 4 -43.305366
15 5 -44.564841
15 6 -45.103869
15 7 -45.558267
15 13 -43.097637
15 14 -53.925266
15 16 -45.845011
15 17 -51.926348
15 23 -54.125796
15 24 -53.340913
15 25 -49.230581
15 26 -48.224340
15 27 -52.685099
15 33 -40.684870
15 34 -46.985892
15 35 -47.831211
15 36 -40.877376
15 37 -48.026987
16 4 -51.248264
16 5 -51.443397
16 6 -50.190339
16 7 -45.632184
16 8 -50.827511
16 14 -40.086247
16 15 -42.609775
16 17 -46.359078
16 18 -43.667863
16 24 -54.440964
16 25 -51.333238
16 26 -45.154965
16 27 -52.399971
16 28 -41.779848
16 34 -48.811736
16 35 -54.169698
16 36 -43.025725
16 37 -44.376168
16 38 -48.257440
17 5 -40.894746
17 6 -44.557526
17 7 -45.905114
17 8 -40.680609
17 9 -53.959815
17 15 -53.138146
17 16 -41.902498
17 18 -53.005115
17 19 -54.509207
17 25 -44.615358
17 26 -47.913107
17 27 -52.835196
17 28 -43.978256
17 29 -46.765235
17 35 -52.992891
17 36 -48.200102
17 37 -49.604683
17 38 -53.542033
17 39 -50.307393
18 6 -44.813257
18 7 -42.027862
18 8 -49.354454
18 9 -54.350522
18 16 -40.894704
18 17 -47.333602
18 19 -53.846555
18 26 -46.178465
18 27 -43.130241
18 28 -44.548970
18 29 -52.798245
18 36 -45.629264
18 37 -46.358132
18 38 -53.147052
18 39 -51.535697
19 7 -52.173034
19 8 -47.668774
19 9 -46.339883
19 17 -51.434759
19 18 -51.448157
19 27 -54.096821
19 28 -47.053619
19 29 -48.513675
19 37 -47.536373
19 38 -50.353867
19 39 -40.531176
20 0 -48.380865
20 1 -44.906811
20 2 -51.011190
20 10 -48.037855
20 11 -46.230577
20 12 -54.509905
20 21 -42.255636
20 22 -41.984554
20 30 -46.576982
20 31 -52.868014
20 32 -48.410543
20 40 -48.838613
20 41 -47.774217
20 42 -48.607346
21 0 -44.798357
21 1 -54.195864
21 2 -44.831029
21 3 -46.090657
21 10 -50.748963
21 11 -49.357494
21 12 -48.803148
21 13 -49.356447
21 20 -48.868359
21 22 -40.910139
21 23 -52.471230
21 30 -46.462036
21 31 -43.639712
21 32 -40.703095
21 33 -49.587126
21 40 -48.598674
21 41 -41.172582
21 42 -40.693358
21 43 -53.139542
22 0 -50.546418
22 1 -44.168065
22 2 -45.782153
22 3 -50.649608
22 4 -43.779732
22 10 -48.314654
22 11 -51.010321
22 12 -45.013096
22 13 -50.885348
22 14 -51.643331
22 20 -52.976704
22 21 -41.853160
22 23 -43.646925
22 24 -41.402795
22 30 -51.261054
22 31 -42.418303
22 32 -47.025321
22 33 -49.609928
22 34 -44.395921
22 40 -41.505490
22 41 -40.044961
22 42 -54.667559
22 43 -46.078353
22 44 -41.381502
23 1 -42.111858
23 2 -43.977543
23 3 -53.797269
23 4 -41.675527
23 5 -41.094032
23 11 -50.301889
23 12 -41.982148
23 13 -52.640131
23 14 -52.419716
23 15 -44.587553
23 21 -46.075224
23 22 -45.753803
23 24 -48.326664
23 25 -51.991241
23 31 -47.297128
23 32 -48.751526
23 33 -43.811091
23 34 -41.774775
23 35 -40.153878
23 41 -46.738536
23 42 -47.091424
23 43 -48.133299
23 44 -53.141034
23 45 -41.378765
24 2 -42.936526
24 3 -42.555198
24 4 -40.611229
24 5 -48.735773
24 6 -52.500255
24 12 -48.763945
24 13 -41.041244
24 14 -54.934903
24 15 -43.885565
24 16 -50.891261
24 22 -49.016921
24 23 -42.367244
24 25 -41.859863
24 26 -53.324502
24 32 -52.243272
24 33 -48.948646
24 34 -50.027152
24 35 -51.223016
24 36 -45.585810
24 42 -48.531980
24 43 -45.445608
24 44 -51.123603
24 45 -49.791853
24 46 -49.554030
25 3 -45.149496
25 4 -47.940478
25 5 -52.762312
25 6 -40.764102
25 7 -42.615459
25 13 -52.250881
25 14 -51.837806
25 15 -44.646165
25 16 -43.277233
25 17 -40.422353
25 23 -52.300051
25 24 -49.865381
25 26 -51.466633
25 27 -44.918004
25 33 -42.026663
25 34 -41.205926
25 35 -49.895335
25 36 -41.077898
25 37 -40.281169
25 43 -47.374636
25 44 -44.862798
25 45 -50.567086
25 46 -54.495393
25 47 -53.030428
26 4 -52.340165
26 5 -49.575407
26 6 -41.066508
26 7 -49.232801
26 8 -49.841528
26 14 -43.773390
26 15 -44.416741
26 16 -45.144009
26 17 -44.056943
26 18 -45.904377
26 24 -49.799432
26 25 -51.697250
26 27 -42.118844
26 28 -40.154057
26 34 -44.897016
26 35 -47.367615
26 36 -45.915579
26 37 -46.991582
26 38 -45.081118
26 44 -54.750886
26 45 -52.970045
26 46 -46.244588
26 47 -47.976266
26 48 -43.971160
27 5 -46.554929
27 6 -42.733232
27 7 -40.434144
27 8 -47.426989
27 9 -52.425529
27 15 -41.986796
27 16 -42.516241
27 17 -52.791584
27 18 -54.466140
27 19 -51.243926
27 25 -49.569053
27 26 -42.020866
27 28 -40.909700
27 29 -53.921232
27 35 -46.578225
27 36 -44.839197
27 37 -51.377861
27 38 -42.171287
27 39 -42.856886
27 45 -47.708074
27 46 -44.958085
27 47 -47.622095
27 48 -45.963515
27 49 -45.364124
28 6 -51.263396
28 7 -40.524345
28 8 -51.495339
28 9 -43.567262
28 16 -40.135551
28 17 -48.292017
28 18 -44.220153
28 19 -52.648212
28 26 -44.127238
28 27 -50.560889
28 29 -45.185215
28 36 -40.845377
28 37 -49.825741
28 38 -52.417202
28 39 -53.519242
28 46 -53.700506
28 47 -41.811596
28 48 -43.747274
28 49 -53.437246
29 7 -43.911084
29 8 -51.456733
29 9 -47.178364
29 17 -52.452750
29 18 -50.615265
29 19 -42.900979
29 27 -51.004513
29 28 -49.811279
29 37 -44.699474
29 38 -44.230469
29 39 -47.379473
29 47 -45.693882
29 48 -41.425543
29 49 -50.856276
30 10 -42.188161
30 11 -41.992107
30 12 -41.389220
30 20 -43.950025
30 21 -45.682211
30 22 -54.693755
30 31 -51.315507
30 32 -47.355284
30 40 -50.623951
30 41 -51.096090
30 42 -51.982816
30 50 -49.425614
30 51 -47.154961
30 52 -49.923664
31 10 -43.091797
31 11 -40.230821
31 12 -41.837253
31 13 -46.648466
31 20 -52.731786
31 21 -51.579950
31 22 -42.556463
31 23 -40.530207
31 30 -44.863748
31 32 -43.328375
31 33 -46.428130
31 40 -52.780612
31 41 -43.145816
31 42 -46.190330
31 43 -43.518936
31 50 -47.309914
31 51 -48.614158
31 52 -53.066064
31 53 -53.719636
32 10 -41.621328
32 11 -42.638583
32 12 -50.236395
32 13 -52.456863
32 14 -50.197452
32 20 -52.876676
32 21 -40.423505
32 22 -50.394391
32 23 -51.961102
32 24 -48.986895
32 30 -46.334975
32 31 -40.894657
32 33 -50.930459
32 34 -44.720625
32 40 -40.372466
32 41 -45.198180
32 42 -46.809350
32 43 -45.787598
32 44 -42.625513
32 50 -40.038873
32 51 -53.329510
32 52 -43.014713
32 53 -49.517482
32 54 -51.871703
33 11 -52.205272
33 12 -47.293604
33 13 -40.699143
33 14 -42.590001
33 15 -40.163811
33 21 -46.906591
33 22 -44.424358
33 23 -51.651263
33 24 -46.191568
33 25 -49.644752
33 31 -48.143206
33 32 -43.647130
33 34 -45.087860
33 35 -45.078674
33 41 -48.074398
33 42 -49.272791
33 43 -47.621116
33 44 -49.420126
33 45 -52.936274
33 51 -53.492527
33 52 -46.382740
33 53 -41.730987
33 54 -43.512102
33 55 -42.552327
34 12 -53.289693
34 13 -48.318508
34 14 -44.906524
34 15 -40.985182
34 16 -51.683646
34 22 -53.151787
34 23 -49.244046
34 24 -45.299339
34 25 -53.686964
34 26 -43.565305
34 32 -47.421842
34 33 -49.209292
34 35 -48.773889
34 36 -51.743346
34 42 -50.960778
34 43 -47.643179
34 44 -43.417459
34 45 -51.458437
34 46 -46.390699
34 52 -50.337831
34 53 -53.821102
34 54 -49.890027
34 55 -52.803011
34 56 -53.063321
35 13 -42.219411
35 14 -53.397114
35 15 -53.102066
35 16 -54.623579
35 17 -44.382145
35 23 -48.119085
35 24 -47.028007
35 25 -42.933743
35 26 -40.350905
35 27 -43.537754
35 33 -49.318227
35 34 -48.782207
35 36 -41.614446
35 37 -50.582400
35 43 -43.511769
35 44 -49.859447
35 45 -42.797696
35 46 -54.380525
35 47 -47.637223
35 53 -50.840292
35 54 -41.275771
35 55 -40.525167
35 56 -51.931449
35 57 -41.324737
36 14 -52.982560
36 15 -54.599959
36 16 -49.056312
36 17 -50.276304
36 18 -52.910022
36 24 -45.516435
36 25 -46.753032
36 26 -42.854821
36 27 -53.589008
36 28 -45.985825
36 34 -41.106861
36 35 -46.013134
36 37 -52.337946
36 38 -42.375763
36 44 -40.706053
36 45 -50.536204
36 46 -42.503976
36 47 -54.116656
36 48 -50.700850
36 54 -48.076913
36 55 -50.293752
36 56 -50.901938
36 57 -40.131111
36 58 -47.776722
37 15 -41.101748
37 16 -43.189500
37 17 -47.040996
37 18 -50.410955
37 19 -49.125067
37 25 -45.988359
37 26 -45.330327
37 27 -49.245249
37 28 -53.464191
37 29 -49.844968
37 35 -45.873345
37 36 -48.629648
37 38 -49.979661
37 39 -46.631936
37 45 -53.440779
37 46 -41.644608
37 47 -43.159377
37 48 -53.354078
37 49 -42.191324
37 55 -42.986253
37 56 -45.212571
37 57 -51.628466
37 58 -44.575824
37 59 -44.073888
38 16 -45.471769
38 17 -49.343233
38 18 -51.244999
38 19 -52.039909
38 26 -41.894539
38 27 -47.499043
38 28 -49.171094
38 29 -53.710343
38 36 -47.496499
38 37 -52.610528
38 39 -46.458386
38 46 -41.908007
38 47 -54.234138
38 48 -40.973277
38 49 -52.430897
38 56 -44.403373
38 57 -48.777801
38 58 -45.604627
38 59 -54.994515
39 17 -49.591234
39 18 -52.688221
39 19 -47.388706
39 27 -44.925754
39 28 -40.745003
39 29 -54.879537
39 37 -43.936519
39 38 -48.024059
39 47 -42.792472
39 48 -53.450833
39 49 -43.252552
39 57 -50.021404
39 58 -46.320702
39 59 -53.171554
40 20 -41.874536
40 21 -52.335655
40 22 -50.521266
40 30 -46.584346
40 31 -45.001676
40 32 -51.311048
40 41 -43.509529
40 42 -48.483019
40 50 -50.587099
40 51 -43.294117
40 52 -50.151471
40 60 -48.359851
40 61 -44.236572
40 62 -44.909817
41 20 -42.710877
41 21 -54.790321
41 22 -43.349607
41 23 -51.311632
41 30 -51.412730
41 31 -45.908311
41 32 -51.183458
41 33 -53.976900
41 40 -40.506854
41 42 -54.627114
41 43 -49.132713
41 50 -52.663742
41 51 -48.629245
41 52 -50.776524
41 53 -47.079671
41 60 -42.736070
41 61 -54.762449
41 62 -40.660997
41 63 -42.436856
42 20 -45.827315
42 21 -41.532635
42 22 -43.337243
42 23 -41.125433
42 24 -53.018473
42 30 -45.768734
42 31 -42.223940
42 32 -51.055740
42 33 -42.717300
42 34 -51.153520
42 40 -48.305217
42 41 -50.820298
42 43 -54.022767
42 44 -49.930493
42 50 -47.345407
42 51 -51.806576
42 52 -45.697182
42 53 -41.911992
42 54 -46.885229
42 60 -53.151603
42 61 -43.099814
42 62 -45.898757
42 63 -52.045742
42 64 -47.668180
43 21 -53.230480
43 22 -53.418210
43 23 -46.452754
43 24 -47.972317
43 25 -53.908521
43 31 -52.849584
43 32 -40.520791
43 33 -43.792307
43 34 -51.845817
43 35 -52.268991
43 41 -48.300882
43 42 -45.887814
43 44 -48.223350
43 45 -47.163379
43 51 -45.807714
43 52 -47.028216
43 53 -42.317483
43 54 -49.241528
43 55 -40.053284
43 61 -45.650181
43 62 -45.134524
43 63 -45.329191
43 64 -41.396998
43 65 -50.951747
44 22 -40.883377
44 23 -45.193930
44 24 -46.852384
44 25 -52.925167
44 26 -50.454775
44 32 -54.844213
44 33 -51.117392
44 34 -44.496517
44 35 -40.029805
44 36 -45.816732
44 42 -47.803795
44 43 -48.500798
44 45 -50.117809
44 46 -45.522683
44 52 -46.125030
44 53 -52.310379
44 54 -47.414801
44 55 -43.249256
44 56 -54.618086
44 62 -50.504371
44 63 -52.797255
44 64 -40.260101
44 65 -45.944866
44 66 -42.458937
45 23 -53.817858
45 24 -52.758990
45 25 -43.546985
45 26 -46.046815
45 27 -43.083871
45 33 -41.370651
45 34 -48.430821
45 35 -52.618183
45 36 -50.057257
45 37 -40.698332
45 43 -47.449750
45 44 -53.457310
45 46 -44.279084
45 47 -48.984972
45 53 -48.143134
45 54 -50.650596
45 55 -47.754029
45 56 -42.394516
45 57 -42.894453
45 63 -46.015904
45 64 -47.936658
45 65 -50.386208
45 66 -52.159356
45 67 -54.346859
46 24 -45.061973
46 25 -50.461467
46 26 -47.290947
46 27 -42.267734
46 28 -51.130996
46 34 -43.458884
46 35 -54.843103
46 36 -47.666767
46 37 -44.874649
46 38 -54.517220
46 44 -51.047470
46 45 -54.449021
46 47 -52.349081
46 48 -42.233463
46 54 -53.690859
46 55 -52.493055
46 56 -45.279634
46 57 -54.686191
46 58 -50.395572
46 64 -49.065840
46 65 -50.865182
46 66 -54.086739
46 67 -43.480368
46 68 -51.760074
47 25 -41.810446
47 26 -44.986286
47 27 -51.032082
47 28 -51.318766
47 29 -40.763737
47 35 -42.427555
47 36 -46.020279
47 37 -44.407896
47 38 -49.354195
47 39 -47.526370
47 45 -51.186967
47 46 -52.080492
47 48 -42.236225
47 49 -41.572373
47 55 -48.152539
47 56 -51.469566
47 57 -45.576142
47 58 -44.980946
47 59 -40.535605
47 65 -49.245806
47 66 -45.460649
47 67 -47.186876
47 68 -53.950786
47 69 -47.607657
48 26 -52.634074
48 27 -53.408421
48 28 -51.554896
48 29 -52.911377
48 36 -41.447594
48 37 -47.223473
48 38 -54.554784
48 39 -50.749594
48 46 -43.628115
48 47 -53.376494
48 49 -45.220674
48 56 -51.780844
48 57 -53.064481
48 58 -42.182580
48 59 -48.640487
48 66 -53.237862
48 67 -50.221279
48 68 -51.435543
48 69 -40.243250
49 27 -40.675530
49 28 -43.918051
49 29 -49.891987
49 37 -45.395068
49 38 -48.079357
49 39 -52.908386
49 47 -46.593878
49 48 -47.362592
49 57 -46.311420
49 58 -54.968748
49 59 -52.780313
49 67 -40.338434
49 68 -46.417822
49 69 -50.504657
50 30 -54.390813
50 31 -43.868878
50 32 -46.855101
50 40 -54.026598
50 41 -48.778512
50 42 -43.840961
50 51 -44.958439
50 52 -51.434146
50 60 -52.708405
50 61 -52.299213
50 62 -42.645647
50 70 -54.874830
50 71 -41.950427
50 72 -49.575697
51 30 -44.047256
51 31 -49.365085
51 32 -41.747300
51 33 -47.343794
51 40 -42.071930
51 41 -40.512628
51 42 -47.734195
51 43 -45.308636
51 50 -52.074081
51 52 -49.416988
51 53 -42.002555
51 60 -54.199660
51 61 -53.740356
51 62 -45.629150
51 63 -54.517062
51 70 -52.008059
51 71 -53.913404
51 72 -43.221291
51 73 -44.604341
52 30 -50.771002
52 31 -43.863884
52 32 -46.725242
52 33 -51.127585
52 34 -47.086313
52 40 -48.346327
52 41 -44.593723
52 42 -54.293914
52 43 -40.792960
52 44 -47.214040
52 50 -48.108748
52 51 -45.914290
52 53 -45.353300
52 54 -52.319551
52 60 -49.252318
52 61 -47.610351
52 62 -53.505928
52 63 -43.440165
52 64 -49.121536
52 70 -51.416531
52 71 -42.913621
52 72 -42.936905
52 73 -45.343832
52 74 -48.399837
53 31 -51.527915
53 32 -53.683260
53 33 -43.274068
53 34 -50.791287
53 35 -43.114652
53 41 -41.413395
53 42 -50.709059
53 43 -47.703155
53 44 -49.472813
53 45 -51.778388
53 51 -44.648672
53 52 -51.922791
53 54 -54.726990
53 55 -48.139843
53 61 -52.023820
53 62 -53.129287
53 63 -40.071015
53 64 -45.385945
53 65 -45.690369
53 71 -42.755991
53 72 -49.961170
53 73 -47.699708
53 74 -53.777361
53 75 -42.150599
54 32 -41.013029
54 33 -54.599789
54 34 -52.797229
54 35 -46.204421
54 36 -40.176854
54 42 -44.466630
54 43 -47.286272
54 44 -53.211473
54 45 -40.003880
54 46 -52.257939
54 52 -51.939279
54 53 -51.458308
54 55 -49.546625
54 56 -45.955244
54 62 -50.736066
54 63 -44.910101
54 64 -52.431997
54 65 -41.754151
54 66 -51.128648
54 72 -50.972248
54 73 -42.357601
54 74 -43.510169
54 75 -44.509042
54 76 -47.517852
55 33 -52.358923
55 34 -52.773445
55 35 -49.508331
55 36 -47.722390
55 37 -40.833207
55 43 -42.341757
55 44 -54.532249
55 45 -50.513718
55 46 -48.395319
55 47 -46.144581
55 53 -48.654677
55 54 -46.522348
55 56 -47.348057
55 57 -54.004858
55 63 -46.456447
55 64 -45.047080
55 65 -44.096908
55 66 -40.096713
55 67 -47.866567
55 73 -44.692016
55 74 -51.888270
55 75 -42.839098
55 76 -49.012581
55 77 -40.772240
56 34 -53.660651
56 35 -50.588086
56 36 -50.731264
56 37 -42.745652
56 38 -51.123864
56 44 -52.910632
56 45 -48.520977
56 46 -50.410673
56 47 -45.683286
56 48 -40.563920
56 54 -50.323781
56 55 -53.274353
56 57 -41.517796
56 58 -40.682035
56 64 -52.377532
56 65 -51.681245
56 66 -44.855566
56 67 -54.622255
56 68 -42.426397
56 74 -53.260701
56 75 -48.150104
56 76 -53.493188
56 77 -48.863032
56 78 -46.477722
57 35 -53.283343
57 36 -40.266712
57 37 -51.836030
57 38 -42.460533
57 39 -47.655215
57 45 -40.853370
57 46 -53.333434
57 47 -40.743943
57 48 -44.788528
57 49 -54.349126
57 55 -44.533305
57 56 -51.467784
57 58 -48.370912
57 59 -52.565612
57 65 -41.363572
57 66 -53.213227
57 67 -41.313256
57 68 -53.939302
57 69 -41.516744
57 75 -43.864431
57 76 -44.171650
57 77 -42.943552
57 78 -53.758285
57 79 -44.534976
58 36 -48.114531
58 37 -51.089009
58 38 -47.815146
58 39 -41.539872
58 46 -43.486709
58 47 -54.049188
58 48 -51.553730
58 49 -46.638268
58 56 -47.715106
58 57 -44.984352
58 59 -49.853805
58 66 -43.555988
58 67 -44.271020
58 68 -45.716436
58 69 -42.569145
58 76 -49.071755
58 77 -40.205724
58 78 -47.205674
58 79 -50.761353
59 37 -54.064810
59 38 -54.580781
59 39 -44.597244
59 47 -54.873807
59 48 -53.543505
59 49 -49.462307
59 57 -53.375221
59 58 -50.515764
59 67 -42.107613
59 68 -51.748363
59 69 -44.059643
59 77 -41.695998
59 78 -45.925366
59 79 -51.817747
60 40 -40.195118
60 41 -48.845829
60 42 -41.834121
60 50 -45.378743
60 51 -43.740998
60 52 -40.290641
60 61 -47.953197
60 62 -42.626045
60 70 -45.217855
60 71 -44.037938
60 72 -43.285508
60 80 -50.461081
60 81 -48.667494
60 82 -44.742543
61 40 -42.459054
61 41 -51.764027
61 42 -46.272638
61 43 -43.625351
61 50 -41.579727
61 51 -40.961849
61 52 -43.475683
61 53 -40.462713
61 60 -50.225763
61 62 -40.521069
61 63 -54.183046
61 70 -40.301130
61 71 -54.520243
61 72 -40.961891
61 73 -40.365095
61 80 -44.903430
61 81 -47.592477
61 82 -47.697415
61 83 -50.173322
62 40 -42.792339
62 41 -54.077680
62 42 -49.932580
62 43 -41.052412
62 44 -40.566992
62 50 -53.918660
62 51 -52.045679
62 52 -44.077490
62 53 -54.859006
62 54 -40.382247
62 60 -44.931577
62 61 -44.650810
62 63 -44.319992
62 64 -40.691595
62 70 -47.760874
62 71 -43.446760
62 72 -44.531781
62 73 -52.477902
62 74 -45.572080
62 80 -48.709489
62 81 -46.995472
62 82 -43.760166
62 83 -48.873959
62 84 -43.185881
63 41 -51.918690
63 42 -50.941582
63 43 -42.972816
63 44 -53.721114
63 45 -49.361587
63 51 -48.920052
63 52 -42.797693
63 53 -53.269044
63 54 -48.121635
63 55 -48.281816
63 61 -43.915146
63 62 -40.270008
63 64 -54.799032
63 65 -54.327097
63 71 -54.883413
63 72 -44.971120
63 73 -54.658487
63 74 -42.323773
63 75 -52.442714
63 81 -47.833157
63 82 -53.053602
63 83 -54.423682
63 84 -52.530142
63 85 -49.640038
64 42 -47.777083
64 43 -42.558309
64 44 -51.920824
64 45 -44.919520
64 46 -47.994998
64 52 -41.529591
64 53 -51.845735
64 54 -47.466865
64 55 -42.062908
64 56 -43.669113
64 62 -44.622602
64 63 -42.075044
64 65 -49.385264
64 66 -43.245937
64 72 -53.901491
64 73 -42.055776
64 74 -50.538944
64 75 -44.914043
64 76 -50.069970
64 82 -47.857457
64 83 -54.955398
64 84 -42.265997
64 85 -49.893593
64 86 -41.382680
65 43 -52.569143
65 44 -52.768481
65 45 -42.256901
65 46 -45.791127
65 47 -51.130473
65 53 -47.352398
65 54 -46.963788
65 55 -42.303336
65 56 -44.005409
65 57 -41.332615
65 63 -52.216027
65 64 -41.758577
65 66 -50.015876
65 67 -54.968894
65 73 -48.147245
65 74 -42.285858
65 75 -45.041214
65 76 -47.140188
65 77 -49.727498
65 83 -47.336595
65 84 -54.156936
65 85 -43.884351
65 86 -49.085032
65 87 -52.381330
66 44 -45.939073
66 45 -44.989927
66 46 -46.343309
66 47 -45.681200
66 48 -44.808555
66 54 -54.533094
66 55 -51.663556
66 56 -42.251413
66 57 -54.775673
66 58 -54.737139
66 64 -47.361274
66 65 -46.932563
66 67 -45.273839
66 68 -53.458225
66 74 -47.380046
66 75 -46.493974
66 76 -51.422596
66 77 -47.474027
66 78 -52.970416
66 84 -50.159641
66 85 -45.046380
66 86 -40.331137
66 87 -50.174088
66 88 -50.281382
67 45 -54.844416
67 46 -48.384888
67 47 -50.197802
67 48 -44.460161
67 49 -51.951968
67 55 -45.243100
67 56 -47.876206
67 57 -44.524092
67 58 -49.199707
67 59 -54.166253
67 65 -40.834863
67 66 -54.579289
67 68 -40.968704
67 69 -53.580156
67 75 -46.043368
67 76 -44.829489
67 77 -48.023274
67 78 -45.994957
67 79 -54.662724
67 85 -45.934920
67 86 -50.716490
67 87 -40.062731
67 88 -43.392606
67 89 -44.087449
68 46 -47.275587
68 47 -52.162643
68 48 -52.447357
68 49 -40.959245
68 56 -44.849755
68 57 -40.799779
68 58 -47.413902
68 59 -44.873199
68 66 -44.225215
68 67 -42.731159
68 69 -46.205653
68 76 -46.232003
68 77 -47.693491
68 78 -53.002998
68 79 -45.957425
68 86 -40.587270
68 87 -45.391826
68 88 -40.909789
68 89 -42.941380
69 47 -53.768460
69 48 -54.158562
69 49 -42.413976
69 57 -46.601926
69 58 -50.836135
69 59 -47.642881
69 67 -47.763107
69 68 -44.899107
69 77 -49.665497
69 78 -44.112737
69 79 -49.909477
69 87 -45.600687
69 88 -45.485704
69 89 -40.203761
70 50 -51.428710
70 51 -46.003609
70 52 -43.762065
70 60 -51.062963
70 61 -53.987856
70 62 -52.196997
70 71 -54.740272
70 72 -52.462257
70 80 -44.244996
70 81 -52.361113
70 82 -51.598422
70 90 -53.967756
70 91 -42.481070
70 92 -45.755354
71 50 -54.564170
71 51 -44.089449
71 52 -46.533901
71 53 -40.078560
71 60 -52.348515
71 61 -46.138447
71 62 -43.232801
71 63 -40.632287
71 70 -42.185081
71 72 -42.347906
71 73 -41.151545
71 80 -50.969489
71 81 -45.096280
71 82 -46.665910
71 83 -40.290961
71 90 -46.525868
71 91 -46.331177
71 92 -49.089657
71 93 -53.944158
72 50 -43.329399
72 51 -54.368748
72 52 -40.528649
72 53 -46.997489
72 54 -50.399291
72 60 -44.898879
72 61 -44.014832
72 62 -43.368027
72 63 -49.093495
72 64 -49.784372
72 70 -51.563587
72 71 -43.669959
72 73 -45.685944
72 74 -53.815892
72 80 -53.759924
72 81 -53.263124
72 82 -46.799492
72 83 -52.437756
72 84 -54.802481
72 90 -40.374807
72 91 -50.690220
72 92 -44.197057
72 93 -41.402720
72 94 -41.659896
73 51 -41.190558
73 52 -48.687138
73 53 -52.983660
73 54 -45.454514
73 55 -52.647565
73 61 -48.261715
73 62 -50.164808
73 63 -54.402297
73 64 -51.119287
73 65 -46.439850
73 71 -51.327916
73 72 -40.087978
73 74 -51.253973
73 75 -45.625951
73 81 -45.299304
73 82 -47.047313
73 83 -48.246517
73 84 -48.515713
73 85 -47.781784
73 91 -40.612561
73 92 -54.585053
73 93 -47.560504
73 94 -45.155087
73 95 -42.150856
74 52 -43.031656
74 53 -46.745953
74 54 -40.262361
74 55 -43.406869
74 56 -49.805977
74 62 -42.557880
74 63 -47.897102
74 64 -43.725980
74 65 -51.228483
74 66 -52.424128
74 72 -44.520458
74 73 -42.428580
74 75 -49.310709
74 76 -42.786052
74 82 -40.607551
74 83 -54.859407
74 84 -54.309786
74 85 -49.433892
74 86 -52.760422
74 92 -53.218403
74 93 -42.192754
74 94 -50.485159
74 95 -42.459392
74 96 -53.112673
75 53 -42.202374
75 54 -45.352931
75 55 -43.287432
75 56 -53.613152
75 57 -52.080173
75 63 -49.321014
75 64 -49.443253
75 65 -49.731118
75 66 -45.796149
75 67 -47.907387
75 73 -54.946688
75 74 -52.775749
75 76 -52.772690
75 77 -53.013083
75 83 -50.744433
75 84 -47.379769
75 85 -54.955976
75 86 -40.082239
75 87 -51.441567
75 93 -48.301732
75 94 -48.275518
75 95 -45.165335
75 96 -52.406643
75 97 -40.344294
76 54 -51.368886
76 55 -47.383219
76 56 -48.732613
76 57 -51.558863
76 58 -45.175624
76 64 -46.545989
76 65 -46.322317
76 66 -54.385934
76 67 -44.340848
76 68 -48.201654
76 74 -53.467912
76 75 -46.752371
76 77 -49.848589
76 78 -53.813048
76 84 -41.111571
76 85 -51.196477
76 86 -47.699729
76 87 -44.565181
76 88 -44.894373
76 94 -43.461359
76 95 -48.074582
76 96 -54.703188
76 97 -47.323748
76 98 -41.278637
77 55 -51.355966
77 56 -48.212505
77 57 -42.667327
77 58 -44.712869
77 59 -50.892706
77 65 -43.563827
77 66 -53.279349
77 67 -49.973506
77 68 -51.529107
77 69 -52.412830
77 75 -47.814302
77 76 -52.882638
77 78 -49.106203
77 79 -48.715062
77 85 -47.945314
77 86 -45.686799
77 87 -42.715542
77 88 -54.305547
77 89 -44.409489
77 95 -40.820445
77 96 -53.529870
77 97 -47.276779
77 98 -46.448136
77 99 -50.779887
78 56 -50.719923
78 57 -53.230213
78 58 -48.669071
78 59 -50.657528
78 66 -47.453429
78 67 -41.189248
78 68 -50.154397
78 69 -47.766738
78 76 -46.039987
78 77 -53.191349
78 79 -43.619187
78 86 -50.178549
78 87 -54.070259
78 88 -48.238104
78 89 -43.512465
78 96 -50.139062
78 97 -52.902215
78 98 -52.324665
78 99 -43.723452
79 57 -40.677051
79 58 -50.273246
79 59 -40.980403
79 67 -45.502277
79 68 -49.686572
79 69 -51.409362
79 77 -48.225612
79 78 -47.400453
79 87 -54.532926
79 88 -51.613053
79 89 -47.977331
79 97 -44.848381
79 98 -45.184496
79 99 -54.370088
80 60 -50.566598
80 61 -54.384410
80 62 -40.055531
80 70 -54.469763
80 71 -43.730266
80 72 -45.502768
80 81 -45.125955
80 82 -43.930782
80 90 -47.494189
80 91 -48.839537
80 92 -49.987837
81 60 -43.382552
81 61 -54.790235
81 62 -42.394699
81 63 -50.068295
81 70 -49.371344
81 71 -45.447728
81 72 -54.868586
81 73 -54.002271
81 80 -53.761101
81 82 -48.268327
81 83 -54.937708
81 90 -49.915944
81 91 -50.893365
81 92 -44.866106
81 93 -44.057989
82 60 -40.426839
82 61 -48.094964
82 62 -51.093117
82 63 -43.363056
82 64 -42.185509
82 70 -42.724857
82 71 -52.919913
82 72 -41.949634
82 73 -48.387229
82 74 -41.601360
82 80 -44.353821
82 81 -46.262831
82 83 -47.711458
82 84 -41.892381
82 90 -43.218784
82 91 -41.770327
82 92 -45.611392
82 93 -44.799455
82 94 -47.633979
83 61 -43.117443
83 62 -41.846170
83 63 -42.362784
83 64 -53.241934
83 65 -47.708617
83 71 -43.529602
83 72 -41.469452
83 73 -49.685513
83 74 -45.727510
83 75 -45.439340
83 81 -54.074671
83 82 -47.452312
83 84 -51.531865
83 85 -49.556014
83 91 -54.671090
83 92 -41.251914
83 93 -52.331325
83 94 -48.213173
83 95 -46.212034
84 62 -54.086638
84 63 -47.204502
84 64 -53.311047
84 65 -42.148954
84 66 -50.294348
84 72 -54.493001
84 73 -40.891298
84 74 -54.580211
84 75 -53.303870
84 76 -50.493743
84 82 -42.705925
84 83 -51.822374
84 85 -40.332032
84 86 -50.513972
84 92 -44.779701
84 93 -43.070403
84 94 -54.303567
84 95 -51.142358
84 96 -45.553811
85 63 -51.948244
85 64 -42.499447
85 65 -46.074409
85 66 -50.243197
85 67 -46.256166
85 73 -45.776739
85 74 -49.251613
85 75 -42.241427
85 76 -51.658024
85 77 -45.065997
85 83 -47.886571
85 84 -44.191065
85 86 -44.653964
85 87 -52.085764
85 93 -44.817222
85 94 -46.751701
85 95 -46.851594
85 96 -49.300847
85 97 -52.282395
86 64 -45.509018
86 65 -50.725612
86 66 -52.041737
86 67 -47.777512
86 68 -54.082830
86 74 -51.799610
86 75 -53.800424
86 76 -44.412511
86 77 -54.380088
86 78 -50.468601
86 84 -53.975977
86 85 -47.154694
86 87 -53.174003
86 88 -53.494794
86 94 -48.197535
86 95 -46.308754
86 96 -44.918077
86 97 -41.320290
86 98 -44.524096
87 65 -44.070602
87 66 -51.370605
87 67 -42.137378
87 68 -49.076726
87 69 -42.900060
87 75 -42.627922
87 76 -50.794678
87 77 -44.486699
87 78 -51.029077
87 79 -53.083870
87 85 -45.589804
87 86 -41.060559
87 88 -42.530984
87 89 -42.271895
87 95 -49.670648
87 96 -53.586055
87 97 -46.319521
87 98 -42.324763
87 99 -48.425088
88 66 -46.551184
88 67 -40.991194
88 68 -51.456698
88 69 -40.636418
88 76 -53.189641
88 77 -40.291320
88 78 -47.478464
88 79 -47.907284
88 86 -52.030961
88 87 -51.351943
88 89 -48.536217
88 96 -41.493408
88 97 -46.022423
88 98 -48.100325
88 99 -53.710503
89 67 -45.434670
89 68 -42.739778
89 69 -48.331201
89 77 -51.252097
89 78 -40.817324
89 79 -52.506241
89 87 -40.864317
89 88 -45.962002
89 97 -47.049945
89 98 -49.958535
89 99 -46.238878
90 70 -52.588442
90 71 -42.324563
90 72 -40.469802
90 80 -42.078197
90 81 -46.371015
90 82 -40.280032
90 91 -48.176049
90 92 -45.335978
91 70 -44.524184
91 71 -45.456650
91 72 -43.332040
91 73 -48.618804
91 80 -49.865616
91 81 -53.562910
91 82 -50.971175
91 83 -48.190537
91 90 -51.084082
91 92 -51.812474
91 93 -48.222463
92 70 -46.525444
92 71 -50.268431
92 72 -47.040831
92 73 -46.105554
92 74 -41.348308
92 80 -49.438786
92 81 -41.386591
92 82 -50.941587
92 83 -43.115980
92 84 -45.091753
92 90 -42.033052
92 91 -53.673900
92 93 -54.494611
92 94 -45.602411
93 71 -54.150832
93 72 -50.750707
93 73 -54.142476
93 74 -48.619592
93 75 -51.398643
93 81 -53.174798
93 82 -47.954748
93 83 -46.690529
93 84 -50.133043
93 85 -45.875012
93 91 -43.671395
93 92 -40.529828
93 94 -44.285909
93 95 -42.733330
94 72 -46.130084
94 73 -53.939507
94 74 -52.173006
94 75 -51.787790
94 76 -48.142737
94 82 -52.136387
94 83 -45.374242
94 84 -45.730346
94 85 -41.161658
94 86 -53.401473
94 92 -51.501358
94 93 -49.061249
94 95 -42.113302
94 96 -46.018588
95 73 -47.730210
95 74 -54.325622
95 75 -40.235673
95 76 -51.498679
95 77 -54.571510
95 83 -51.764540
95 84 -49.068482
95 85 -51.873672
95 86 -40.397156
95 87 -45.323050
95 93 -45.660680
95 94 -48.509586
95 96 -43.229507
95 97 -44.097102
96 74 -46.055817
96 75 -42.656209
96 76 -53.673213
96 77 -46.813600
96 78 -47.248549
96 84 -51.747748
96 85 -48.821047
96 86 -50.299061
96 87 -46.186489
96 88 -53.860619
96 94 -41.015342
96 95 -44.783156
96 97 -51.611856
96 98 -52.273069
97 75 -54.016629
97 76 -50.599458
97 77 -48.304598
97 78 -49.142178
97 79 -47.224091
97 85 -42.953182
97 86 -52.127244
97 87 -46.771581
97 88 -44.053427
97 89 -44.541217
97 95 -50.714205
97 96 -47.822045
97 98 -53.409782
97 99 -47.859780
98 76 -53.379413
98 77 -46.697612
98 78 -45.928175
98 79 -46.952207
98 86 -44.685161
98 87 -44.948154
98 88 -45.858354
98 89 -48.045564
98 96 -49.259267
98 97 -46.266030
98 99 -50.715507
99 77 -53.653829
99 78 -44.564938
99 79 -54.330800
99 87 -52.887071
99 88 -46.392024
99 89 -43.179439
99 97 -44.204094
99 98 -45.364665
100 0 -50.634263
0 100 -50.634263
100 1 -51.113945
1 100 -51.113945
100 10 -49.113931
10 100 -49.113931
100 11 -48.081924
11 100 -48.081924
101 0 -49.246016
0 101 -49.246016
101 1 -48.503010
1 101 -48.503010
101 2 -49.196663
2 101 -49.196663
101 10 -44.330966
10 101 -44.330966
101 11 -52.571806
11 101 -52.571806
101 12 -54.449070
12 101 -54.449070
102 1 -46.452838
1 102 -46.452838
102 2 -48.094239
2 102 -48.094239
102 3 -40.607253
3 102 -40.607253
102 11 -43.930244
11 102 -43.930244
102 12 -51.492151
12 102 -51.492151
102 13 -43.773474
13 102 -43.773474
103 2 -54.370861
2 103 -54.370861
103 3 -41.711533
3 103 -41.711533
103 4 -53.591479
4 103 -53.591479
103 12 -53.697654
12 103 -53.697654
103 13 -41.693902
13 103 -41.693902
103 14 -42.556417
14 103 -42.556417
104 3 -43.129557
3 104 -43.129557
104 4 -46.325616
4 104 -46.325616
104 5 -48.958419
5 104 -48.958419
104 13 -44.884069
13 104 -44.884069
104 14 -45.801815
14 104 -45.801815
104 15 -52.533588
15 104 -52.533588
105 4 -51.371103
4 105 -51.371103
105 5 -49.174518
5 105 -49.174518
105 6 -49.184996
6 105 -49.184996
105 14 -42.252236
14 105 -42.252236
105 15 -49.000127
15 105 -49.000127
105 16 -46.845573
16 105 -46.845573
106 5 -51.816344
5 106 -51.816344
106 6 -44.466210
6 106 -44.466210
106 7 -49.047050
7 106 -49.047050
106 15 -48.899549
15 106 -48.899549
106 16 -48.565942
16 106 -48.565942
106 17 -47.408251
17 106 -47.408251
107 6 -45.677886
6 107 -45.677886
107 7 -41.323893
7 107 -41.323893
107 8 -46.835805
8 107 -46.835805
107 16 -43.575071
16 107 -43.575071
107 17 -54.630626
17 107 -54.630626
107 18 -50.987098
18 107 -50.987098
108 7 -53.229742
7 108 -53.229742
108 8 -42.700859
8 108 -42.700859
108 9 -43.531180
9 108 -43.531180
108 17 -52.229731
17 108 -52.229731
108 18 -46.259700
18 108 -46.259700
108 19 -53.681598
19 108 -53.681598
109 8 -47.542808
8 109 -47.542808
109 9 -54.520252
9 109 -54.520252
109 18 -47.871841
18 109 -47.871841
109 19 -40.899583
19 109 -40.899583
110 0 -54.259190
0 110 -54.259190
110 1 -45.225039
1 110 -45.225039
110 10 -54.176632
10 110 -54.176632
110 11 -43.103570
11 110 -43.103570
110 20 -43.806796
20 110 -43.806796
110 21 -52.937450
21 110 -52.937450
111 0 -46.496910
0 111 -46.496910
111 1 -48.290858
1 111 -48.290858
111 2 -48.858705
2 111 -48.858705
111 10 -53.029230
10 111 -53.029230
111 11 -51.395551
11 111 -51.395551
111 12 -45.951712
12 111 -45.951712
111 20 -48.981506
20 111 -48.981506
111 21 -53.948367
21 111 -53.948367
111 22 -46.820301
22 111 -46.820301
112 1 -48.882600
1 112 -48.882600
112 2 -54.881635
2 112 -54.881635
112 3 -51.654827
3 112 -51.654827
112 11 -42.015049
11 112 -42.015049
112 12 -46.425295
12 112 -46.425295
112 13 -53.484773
13 112 -53.484773
112 21 -53.145987
21 112 -53.145987
112 22 -42.129523
22 112 -42.129523
112 23 -48.871145
23 112 -48.871145
113 2 -47.109016
2 113 -47.109016
113 3 -43.820565
3 113 -43.820565
113 4 -46.242739
4 113 -46.242739
113 12 -50.278889
12 113 -50.278889
113 13 -49.841837
13 113 -49.841837
113 14 -49.711991
14 113 -49.711991
113 22 -41.897169
22 113 -41.897169
113 23 -49.533275
23 113 -49.533275
113 24 -51.195217
24 113 -51.195217
114 3 -52.690880
3 114 -52.690880
114 4 -45.995884
4 114 -45.995884
114 5 -53.538693
5 114 -53.538693
114 13 -44.904938
13 114 -44.904938
114 14 -52.037930
14 114 -52.037930
114 15 -50.517257
15 114 -50.517257
114 23 -45.807706
23 114 -45.807706
114 24 -50.558138
24 114 -50.558138
114 25 -50.816601
25 114 -50.816601
115 4 -54.966752
4 115 -54.966752
115 5 -51.314900
5 115 -51.314900
115 6 -52.316567
6 115 -52.316567
115 14 -49.709844
14 115 -49.709844
115 15 -54.508120
15 115 -54.508120
115 16 -48.301391
16 115 -48.301391
115 24 -46.843411
24 115 -46.843411
115 25 -51.844696
25 115 -51.844696
115 26 -53.991610
26 115 -53.991610
116 5 -44.265829
5 116 -44.265829
116 6 -47.952022
6 116 -47.952022
116 7 -43.246244
7 116 -43.246244
116 15 -49.431270
15 116 -49.431270
116 16 -49.263005
16 116 -49.263005
116 17 -49.491206
17 116 -49.491206
116 25 -47.914616
25 116 -47.914616
116 26 -46.384816
26 116 -46.384816
116 27 -51.292775
27 116 -51.292775
117 6 -44.535020
6 117 -44.535020
117 7 -43.602438
7 117 -43.602438
117 8 -45.436124
8 117 -45.436124
117 16 -52.638398
16 117 -52.638398
117 17 -53.284873
17 117 -53.284873
117 18 -40.599322
18 117 -40.599322
117 26 -47.461242
26 117 -47.461242
117 27 -43.897772
27 117 -43.897772
117 28 -51.014579
28 117 -51.014579
118 7 -51.723790
7 118 -51.723790
118 8 -47.307740
8 118 -47.307740
118 9 -51.670415
9 118 -51.670415
118 17 -47.520202
17 118 -47.520202
118 18 -40.193613
18 118 -40.193613
118 19 -51.389309
19 118 -51.389309
118 27 -48.145913
27 118 -48.145913
118 28 -52.903061
28 118 -52.903061
118 29 -51.413306
29 118 -51.413306
119 8 -47.193525
8 119 -47.193525
119 9 -52.861017
9 119 -52.861017
119 18 -44.393013
18 119 -44.393013
119 19 -40.451446
19 119 -40.451446
119 28 -54.194057
28 119 -54.194057
119 29 -54.197178
29 119 -54.197178
120 10 -45.689849
10 120 -45.689849
120 11 -44.320635
11 120 -44.320635
120 20 -44.655125
20 120 -44.655125
120 21 -50.763418
21 120 -50.763418
120 30 -51.962065
30 120 -51.962065
120 31 -50.073867
31 120 -50.073867
121 10 -53.518757
10 121 -53.518757
121 11 -49.746995
11 121 -49.746995
121 12 -44.640951
12 121 -44.640951
121 20 -44.005798
20 121 -44.005798
121 21 -44.183949
21 121 -44.183949
121 22 -48.292913
22 121 -48.292913
121 30 -47.399065
30 121 -47.399065
121 31 -47.659858
31 121 -47.659858
121 32 -48.673261
32 121 -48.673261
122 11 -45.288040
11 122 -45.288040
122 12 -44.386129
12 122 -44.386129
122 13 -43.585597
13 122 -43.585597
122 21 -54.294720
21 122 -54.294720
122 22 -47.946648
22 122 -47.946648
122 23 -47.347038
23 122 -47.347038
122 31 -47.322749
31 122 -47.322749
122 32 -44.031984
32 122 -44.031984
122 33 -48.786329
33 122 -48.786329
123 12 -40.079796
12 123 -40.079796
123 13 -52.749790
13 123 -52.749790
123 14 -48.098642
14 123 -48.098642
123 22 -43.383290
22 123 -43.383290
123 23 -53.589826
23 123 -53.589826
123 24 -53.608322
24 123 -53.608322
123 32 -42.663619
32 123 -42.663619
123 33 -54.145902
33 123 -54.145902
123 34 -49.375173
34 123 -49.375173
124 13 -52.787655
13 124 -52.787655
124 14 -54.942502
14 124 -54.942502
124 15 -44.320286
15 124 -44.320286
124 23 -53.029578
23 124 -53.029578
124 24 -51.672304
24 124 -51.672304
124 25 -41.298770
25 124 -41.298770
124 33 -48.419752
33 124 -48.419752
124 34 -54.355209
34 124 -54.355209
124 35 -42.903530
35 124 -42.903530
125 14 -49.531282
14 125 -49.531282
125 15 -51.514101
15 125 -51.514101
125 16 -52.620093
16 125 -52.620093
125 24 -42.460542
24 125 -42.460542
125 25 -54.551095
25 125 -54.551095
125 26 -46.485559
26 125 -46.485559
125 34 -46.514038
34 125 -46.514038
125 35 -53.937272
35 125 -53.937272
125 36 -49.814974
36 125 -49.814974
126 15 -41.604901
15 126 -41.604901
126 16 -51.014080
16 126 -51.014080
126 17 -53.489631
17 126 -53.489631
126 25 -54.824064
25 126 -54.824064
126 26 -52.449501
26 126 -52.449501
126 27 -53.041809
27 126 -53.041809
126 35 -46.416001
35 126 -46.416001
126 36 -47.741599
36 126 -47.741599
126 37 -40.613313
37 126 -40.613313
127 16 -54.792746
16 127 -54.792746
127 17 -50.369047
17 127 -50.369047
127 18 -50.683293
18 127 -50.683293
127 26 -44.493269
26 127 -44.493269
127 27 -47.586261
27 127 -47.586261
127 28 -51.340947
28 127 -51.340947
127 36 -41.493318
36 127 -41.493318
127 37 -49.608648
37 127 -49.608648
127 38 -54.781428
38 127 -54.781428
128 17 -50.729380
17 128 -50.729380
128 18 -51.231536
18 128 -51.231536
128 19 -42.580258
19 128 -42.580258
128 27 -50.070751
27 128 -50.070751
128 28 -46.134403
28 128 -46.134403
128 29 -47.749738
29 128 -47.749738
128 37 -52.063147
37 128 -52.063147
128 38 -44.625236
38 128 -44.625236
128 39 -49.275262
39 128 -49.275262
129 18 -40.846445
18 129 -40.846445
129 19 -50.888968
19 129 -50.888968
129 28 -49.281671
28 129 -49.281671
129 29 -50.186616
29 129 -50.186616
129 38 -51.535233
38 129 -51.535233
129 39 -41.029205
39 129 -41.029205
130 20 -44.768676
20 130 -44.768676
130 21 -41.587523
21 130 -41.587523
130 30 -42.937928
30 130 -42.937928
130 31 -48.785190
31 130 -48.785190
130 40 -49.545592
40 130 -49.545592
130 41 -46.504687
41 130 -46.504687
131 20 -44.830221
20 131 -44.830221
131 21 -40.645807
21 131 -40.645807
131 22 -40.694055
22 131 -40.694055
131 30 -47.864317
30 131 -47.864317
131 31 -46.939776
31 131 -46.939776
131 32 -43.658947
32 131 -43.658947
131 40 -52.446630
40 131 -52.446630
131 41 -46.266754
41 131 -46.266754
131 42 -41.595325
42 131 -41.595325
132 21 -43.078408
21 132 -43.078408
132 22 -47.396713
22 132 -47.396713
132 23 -54.306361
23 132 -54.306361
132 31 -47.145113
31 132 -47.145113
132 32 -44.995368
32 132 -44.995368
132 33 -46.276872
33 132 -46.276872
132 41 -49.093073
41 132 -49.093073
132 42 -53.070371
42 132 -53.070371
132 43 -43.603656
43 132 -43.603656
133 22 -40.493199
22 133 -40.493199
133 23 -42.220908
23 133 -42.220908
133 24 -54.954781
24 133 -54.954781
133 32 -45.066053
32 133 -45.066053
133 33 -45.893154
33 133 -45.893154
133 34 -43.142225
34 133 -43.142225
133 42 -48.297843
42 133 -48.297843
133 43 -51.914553
43 133 -51.914553
133 44 -53.622658
44 133 -53.622658
134 23 -45.639577
23 134 -45.639577
134 24 -53.617548
24 134 -53.617548
134 25 -53.247919
25 134 -53.247919
134 33 -54.350398
33 134 -54.350398
134 34 -46.855584
34 134 -46.855584
134 35 -49.787873
35 134 -49.787873
134 43 -51.561305
43 134 -51.561305
134 44 -53.474536
44 134 -53.474536
134 45 -44.325497
45 134 -44.325497
135 24 -40.584726
24 135 -40.584726
135 25 -40.493831
25 135 -40.493831
135 26 -45.771088
26 135 -45.771088
135 34 -41.257545
34 135 -41.257545
135 35 -49.725167
35 135 -49.725167
135 36 -43.187270
36 135 -43.187270
135 44 -41.832511
44 135 -41.832511
135 45 -41.789877
45 135 -41.789877
135 46 -47.707380
46 135 -47.707380
136 25 -40.983093
25 136 -40.983093
136 26 -51.811424
26 136 -51.811424
136 27 -54.030487
27 136 -54.030487
136 35 -49.573667
35 136 -49.573667
136 36 -47.507266
36 136 -47.507266
136 37 -45.584713
37 136 -45.584713
136 45 -43.421675
45 136 -43.421675
136 46 -46.611420
46 136 -46.611420
136 47 -42.945958
47 136 -42.945958
137 26 -52.991028
26 137 -52.991028
137 27 -43.535229
27 137 -43.535229
137 28 -54.337174
28 137 -54.337174
137 36 -42.885261
36 137 -42.885261
137 37 -50.130736
37 137 -50.130736
137 38 -51.033790
38 137 -51.033790
137 46 -51.901263
46 137 -51.901263
137 47 -54.980472
47 137 -54.980472
137 48 -44.176992
48 137 -44.176992
138 27 -50.453826
27 138 -50.453826
138 28 -41.683520
28 138 -41.683520
138 29 -48.348274
29 138 -48.348274
138 37 -52.864148
37 138 -52.864148
138 38 -40.110475
38 138 -40.110475
138 39 -40.447004
39 138 -40.447004
138 47 -53.246244
47 138 -53.246244
138 48 -43.820064
48 138 -43.820064
138 49 -50.220152
49 138 -50.220152
139 28 -54.292869
28 139 -54.292869
139 29 -45.909749
29 139 -45.909749
139 38 -45.873369
38 139 -45.873369
139 39 -45.825741
39 139 -45.825741
139 48 -45.379197
48 139 -45.379197
139 49 -40.008559
49 139 -40.008559
140 30 -47.713978
30 140 -47.713978
140 31 -46.374752
31 140 -46.374752
140 40 -54.572544
40 140 -54.572544
140 41 -50.209913
41 140 -50.209913
140 50 -53.285504
50 140 -53.285504
140 51 -43.939154
51 140 -43.939154
141 30 -48.364007
30 141 -48.364007
141 31 -45.242524
31 141 -45.242524
141 32 -54.892911
32 141 -54.892911
141 40 -53.264239
40 141 -53.264239
141 41 -54.153770
41 141 -54.153770
141 42 -48.921347
42 141 -48.921347
141 50 -47.894268
50 141 -47.894268
141 51 -51.547204
51 141 -51.547204
141 52 -53.871014
52 141 -53.871014
142 31 -45.753944
31 142 -45.753944
142 32 -46.341429
32 142 -46.341429
142 33 -42.539564
33 142 -42.539564
142 41 -44.263129
41 142 -44.263129
142 42 -51.533219
42 142 -51.533219
142 43 -43.063096
43 142 -43.063096
142 51 -43.979005
51 142 -43.979005
142 52 -50.539266
52 142 -50.539266
142 53 -52.246201
53 142 -52.246201
143 32 -48.853752
32 143 -48.853752
143 33 -47.828515
33 143 -47.828515
143 34 -43.789429
34 143 -43.789429
143 42 -48.616114
42 143 -48.616114
143 43 -46.620311
43 143 -46.620311
143 44 -48.575727
44 143 -48.575727
143 52 -51.374320
52 143 -51.374320
143 53 -42.672525
53 143 -42.672525
143 54 -43.241803
54 143 -43.241803
144 33 -54.333591
33 144 -54.333591
144 34 -51.297863
34 144 -51.297863
144 35 -50.040429
35 144 -50.040429
144 43 -40.098507
43 144 -40.098507
144 44 -46.428244
44 144 -46.428244
144 45 -51.826088
45 144 -51.826088
144 53 -48.267680
53 144 -48.267680
144 54 -54.419377
54 144 -54.419377
144 55 -47.587556
55 144 -47.587556
145 34 -50.737751
34 145 -50.737751
145 35 -50.296688
35 145 -50.296688
145 36 -42.826709
36 145 -42.826709
145 44 -49.680865
44 145 -49.680865
145 45 -42.283365
45 145 -42.283365
145 46 -52.564811
46 145 -52.564811
145 54 -47.032636
54 145 -47.032636
145 55 -46.461360
55 145 -46.461360
145 56 -47.801192
56 145 -47.801192
146 35 -40.897423
35 146 -40.897423
146 36 -40.351840
36 146 -40.351840
146 37 -40.189232
37 146 -40.189232
146 45 -52.409566
45 146 -52.409566
146 46 -48.264879
46 146 -48.264879
146 47 -51.833496
47 146 -51.833496
146 55 -41.549705
55 146 -41.549705
146 56 -48.367002
56 146 -48.367002
146 57 -53.349150
57 146 -53.349150
147 36 -52.411761
36 147 -52.411761
147 37 -52.967806
37 147 -52.967806
147 38 -46.167378
38 147 -46.167378
147 46 -44.557077
46 147 -44.557077
147 47 -46.420800
47 147 -46.420800
147 48 -47.296011
48 147 -47.296011
147 56 -54.908545
56 147 -54.908545
147 57 -41.134585
57 147 -41.134585
147 58 -51.111545
58 147 -51.111545
148 37 -44.647389
37 148 -44.647389
148 38 -53.815036
38 148 -53.815036
148 39 -48.008680
39 148 -48.008680
148 47 -40.976587
47 148 -40.976587
148 48 -41.763920
48 148 -41.763920
148 49 -42.826529
49 148 -42.826529
148 57 -52.686294
57 148 -52.686294
148 58 -49.188813
58 148 -49.188813
148 59 -41.681536
59 148 -41.681536
149 38 -47.594852
38 149 -47.594852
149 39 -44.443235
39 149 -44.443235
149 48 -48.006819
48 149 -48.006819
149 49 -40.100187
49 149 -40.100187
149 58 -49.102189
58 149 -49.102189
149 59 -53.258080
59 149 -53.258080
150 40 -46.435252
40 150 -46.435252
150 41 -41.155071
41 150 -41.155071
150 50 -52.318843
50 150 -52.318843
150 51 -53.978586
51 150 -53.978586
150 60 -52.269897
60 150 -52.269897
150 61 -41.245853
61 150 -41.245853
151 40 -43.023527
40 151 -43.023527
151 41 -42.395056
41 151 -42.395056
151 42 -40.493247
42 151 -40.493247
151 50 -49.495503
50 151 -49.495503
151 51 -51.090012
51 151 -51.090012
151 52 -43.533321
52 151 -43.533321
151 60 -43.717854
60 151 -43.717854
151 61 -47.160105
61 151 -47.160105
151 62 -53.017904
62 151 -53.017904
152 41 -41.399093
41 152 -41.399093
152 42 -42.889410
42 152 -42.889410
152 43 -53.425196
43 152 -53.425196
152 51 -42.392969
51 152 -42.392969
152 52 -43.816726
52 152 -43.816726
152 53 -44.699124
53 152 -44.699124
152 61 -47.781018
61 152 -47.781018
152 62 -42.372562
62 152 -42.372562
152 63 -50.141625
63 152 -50.141625
153 42 -50.660487
42 153 -50.660487
153 43 -45.831396
43 153 -45.831396
153 44 -43.686495
44 153 -43.686495
153 52 -42.491229
52 153 -42.491229
153 53 -48.687628
53 153 -48.687628
153 54 -48.294635
54 153 -48.294635
153 62 -45.587680
62 153 -45.587680
153 63 -41.451800
63 153 -41.451800
153 64 -53.722357
64 153 -53.722357
154 43 -52.577561
43 154 -52.577561
154 44 -47.633275
44 154 -47.633275
154 45 -41.136959
45 154 -41.136959
154 53 -54.442259
53 154 -54.442259
154 54 -44.179818
54 154 -44.179818
154 55 -45.449554
55 154 -45.449554
154 63 -47.811568
63 154 -47.811568
154 64 -42.503351
64 154 -42.503351
154 65 -50.957081
65 154 -50.957081
155 44 -46.704862
44 155 -46.704862
155 45 -47.427428
45 155 -47.427428
155 46 -46.926267
46 155 -46.926267
155 54 -43.531412
54 155 -43.531412
155 55 -44.813650
55 155 -44.813650
155 56 -44.605437
56 155 -44.605437
155 64 -40.797887
64 155 -40.797887
155 65 -49.999839
65 155 -49.999839
155 66 -44.285128
66 155 -44.285128
156 45 -40.568046
45 156 -40.568046
156 46 -42.144262
46 156 -42.144262
156 47 -47.466551
47 156 -47.466551
156 55 -42.361050
55 156 -42.361050
156 56 -52.705544
56 156 -52.705544
156 57 -43.757248
57 156 -43.757248
156 65 -50.303169
65 156 -50.303169
156 66 -46.756020
66 156 -46.756020
156 67 -53.487308
67 156 -53.487308
157 46 -45.660972
46 157 -45.660972
157 47 -50.505995
47 157 -50.505995
157 48 -41.064789
48 157 -41.064789
157 56 -46.201878
56 157 -46.201878
157 57 -51.584098
57 157 -51.584098
157 58 -45.607484
58 157 -45.607484
157 66 -41.717838
66 157 -41.717838
157 67 -53.724289
67 157 -53.724289
157 68 -50.761934
68 157 -50.761934
158 47 -48.797192
47 158 -48.797192
158 48 -44.529691
48 158 -44.529691
158 49 -52.541653
49 158 -52.541653
158 57 -50.524510
57 158 -50.524510
158 58 -41.268193
58 158 -41.268193
158 59 -50.660032
59 158 -50.660032
158 67 -54.557216
67 158 -54.557216
158 68 -48.553580
68 158 -48.553580
158 69 -40.285507
69 158 -40.285507
159 48 -52.433840
48 159 -52.433840
159 49 -50.792625
49 159 -50.792625
159 58 -42.682688
58 159 -42.682688
159 59 -54.540655
59 159 -54.540655
159 68 -52.833489
68 159 -52.833489
159 69 -44.703275
69 159 -44.703275
160 50 -54.814837
50 160 -54.814837
160 51 -54.837132
51 160 -54.837132
160 60 -41.709414
60 160 -41.709414
160 61 -50.206859
61 160 -50.206859
160 70 -52.067927
70 160 -52.067927
160 71 -52.987880
71 160 -52.987880
161 50 -42.080767
50 161 -42.080767
161 51 -46.065521
51 161 -46.065521
161 52 -41.198007
52 161 -41.198007
161 60 -51.758736
60 161 -51.758736
161 61 -42.588888
61 161 -42.588888
161 62 -53.968030
62 161 -53.968030
161 70 -45.064233
70 161 -45.064233
161 71 -42.077038
71 161 -42.077038
161 72 -43.204953
72 161 -43.204953
162 51 -44.481636
51 162 -44.481636
162 52 -46.819260
52 162 -46.819260
162 53 -48.421849
53 162 -48.421849
162 61 -45.553742
61 162 -45.553742
162 62 -51.162301
62 162 -51.162301
162 63 -54.478148
63 162 -54.478148
162 71 -47.306952
71 162 -47.306952
162 72 -44.637965
72 162 -44.637965
162 73 -51.944394
73 162 -51.944394
163 52 -51.712107
52 163 -51.712107
163 53 -52.919609
53 163 -52.919609
163 54 -54.470672
54 163 -54.470672
163 62 -54.459908
62 163 -54.459908
163 63 -54.259133
63 163 -54.259133
163 64 -46.513994
64 163 -46.513994
163 72 -47.127959
72 163 -47.127959
163 73 -48.508615
73 163 -48.508615
163 74 -53.234624
74 163 -53.234624
164 53 -46.925774
53 164 -46.925774
164 54 -51.777038
54 164 -51.777038
164 55 -45.798874
55 164 -45.798874
164 63 -41.615832
63 164 -41.615832
164 64 -41.384691
64 164 -41.384691
164 65 -45.263931
65 164 -45.263931
164 73 -43.838294
73 164 -43.838294
164 74 -44.113052
74 164 -44.113052
164 75 -41.279922
75 164 -41.279922
165 54 -41.598250
54 165 -41.598250
165 55 -50.416916
55 165 -50.416916
165 56 -52.101028
56 165 -52.101028
165 64 -46.895921
64 165 -46.895921
165 65 -40.175250
65 165 -40.175250
165 66 -41.859267
66 165 -41.859267
165 74 -45.162105
74 165 -45.162105
165 75 -40.875024
75 165 -40.875024
165 76 -45.555143
76 165 -45.555143
166 55 -41.979584
55 166 -41.979584
166 56 -53.944543
56 166 -53.944543
166 57 -47.477304
57 166 -47.477304
166 65 -53.964150
65 166 -53.964150
166 66 -51.109419
66 166 -51.109419
166 67 -49.724920
67 166 -49.724920
166 75 -53.348835
75 166 -53.348835
166 76 -54.427196
76 166 -54.427196
166 77 -42.209962
77 166 -42.209962
167 56 -43.588689
56 167 -43.588689
167 57 -52.205547
57 167 -52.205547
167 58 -43.585933
58 167 -43.585933
167 66 -46.478447
66 167 -46.478447
167 67 -47.673543
67 167 -47.673543
167 68 -52.854742
68 167 -52.854742
167 76 -41.505077
76 167 -41.505077
167 77 -50.854214
77 167 -50.854214
167 78 -48.766171
78 167 -48.766171
168 57 -48.718448
57 168 -48.718448
168 58 -51.083193
58 168 -51.083193
168 59 -47.410730
59 168 -47.410730
168 67 -52.555080
67 168 -52.555080
168 68 -51.627667
68 168 -51.627667
168 69 -40.469145
69 168 -40.469145
168 77 -40.797899
77 168 -40.797899
168 78 -48.608456
78 168 -48.608456
168 79 -45.415009
79 168 -45.415009
169 58 -49.564727
58 169 -49.564727
169 59 -51.134757
59 169 -51.134757
169 68 -50.221792
68 169 -50.221792
169 69 -42.227676
69 169 -42.227676
169 78 -51.166621
78 169 -51.166621
169 79 -41.465902
79 169 -41.465902
170 60 -42.695170
60 170 -42.695170
170 61 -52.223340
61 170 -52.223340
170 70 -52.141220
70 170 -52.141220
170 71 -51.611193
71 170 -51.611193
170 80 -50.242595
80 170 -50.242595
170 81 -42.446883
81 170 -42.446883
171 60 -47.514623
60 171 -47.514623
171 61 -46.932929
61 171 -46.932929
171 62 -52.454738
62 171 -52.454738
171 70 -40.224381
70 171 -40.224381
171 71 -43.797364
71 171 -43.797364
171 72 -43.387816
72 171 -43.387816
171 80 -47.316974
80 171 -47.316974
171 81 -45.859660
81 171 -45.859660
171 82 -44.796865
82 171 -44.796865
172 61 -42.477003
61 172 -42.477003
172 62 -42.532962
62 172 -42.532962
172 63 -53.458820
63 172 -53.458820
172 71 -51.703749
71 172 -51.703749
172 72 -48.489453
72 172 -48.489453
172 73 -46.857239
73 172 -46.857239
172 81 -41.944640
81 172 -41.944640
172 82 -46.328634
82 172 -46.328634
172 83 -54.535400
83 172 -54.535400
173 62 -50.702606
62 173 -50.702606
173 63 -48.271627
63 173 -48.271627
173 64 -46.807172
64 173 -46.807172
173 72 -46.067609
72 173 -46.067609
173 73 -43.000104
73 173 -43.000104
173 74 -41.849569
74 173 -41.849569
173 82 -40.417602
82 173 -40.417602
173 83 -50.581878
83 173 -50.581878
173 84 -45.751059
84 173 -45.751059
174 63 -40.124271
63 174 -40.124271
174 64 -47.904771
64 174 -47.904771
174 65 -46.363091
65 174 -46.363091
174 73 -46.224949
73 174 -46.224949
174 74 -51.167952
74 174 -51.167952
174 75 -43.731588
75 174 -43.731588
174 83 -53.454747
83 174 -53.454747
174 84 -40.374687
84 174 -40.374687
174 85 -54.626328
85 174 -54.626328
175 64 -46.871511
64 175 -46.871511
175 65 -46.083706
65 175 -46.083706
175 66 -45.681455
66 175 -45.681455
175 74 -40.666423
74 175 -40.666423
175 75 -42.207562
75 175 -42.207562
175 76 -45.109663
76 175 -45.109663
175 84 -42.155631
84 175 -42.155631
175 85 -53.496659
85 175 -53.496659
175 86 -49.771475
86 175 -49.771475
176 65 -44.275713
65 176 -44.275713
176 66 -52.118168
66 176 -52.118168
176 67 -42.111073
67 176 -42.111073
176 75 -52.265571
75 176 -52.265571
176 76 -43.483221
76 176 -43.483221
176 77 -40.386185
77 176 -40.386185
176 85 -48.965481
85 176 -48.965481
176 86 -46.834595
86 176 -46.834595
176 87 -42.325785
87 176 -42.325785
177 66 -43.346332
66 177 -43.346332
177 67 -42.180183
67 177 -42.180183
177 68 -44.829096
68 177 -44.829096
177 76 -40.915966
76 177 -40.915966
177 77 -47.214664
77 177 -47.214664
177 78 -42.076917
78 177 -42.076917
177 86 -53.461400
86 177 -53.461400
177 87 -49.867600
87 177 -49.867600
177 88 -52.683121
88 177 -52.683121
178 67 -43.590705
67 178 -43.590705
178 68 -42.755511
68 178 -42.755511
178 69 -40.974469
69 178 -40.974469
178 77 -53.182954
77 178 -53.182954
178 78 -40.073842
78 178 -40.073842
178 79 -53.628568
79 178 -53.628568
178 87 -51.246252
87 178 -51.246252
178 88 -49.775281
88 178 -49.775281
178 89 -41.165153
89 178 -41.165153
179 68 -51.618864
68 179 -51.618864
179 69 -48.274114
69 179 -48.274114
179 78 -54.143101
78 179 -54.143101
179 79 -54.413506
79 179 -54.413506
179 88 -53.454157
88 179 -53.454157
179 89 -54.898609
89 179 -54.898609
180 70 -53.417890
70 180 -53.417890
180 71 -46.995384
71 180 -46.995384
180 80 -47.728979
80 180 -47.728979
180 81 -42.112545
81 180 -42.112545
180 90 -41.428519
90 180 -41.428519
180 91 -42.062121
91 180 -42.062121
181 70 -45.133316
70 181 -45.133316
181 71 -47.389972
71 181 -47.389972
181 72 -44.827259
72 181 -44.827259
181 80 -48.984335
80 181 -48.984335
181 81 -53.271215
81 181 -53.271215
181 82 -45.252286
82 181 -45.252286
181 90 -48.445601
90 181 -48.445601
181 91 -44.753294
91 181 -44.753294
181 92 -46.943071
92 181 -46.943071
182 71 -40.693122
71 182 -40.693122
182 72 -47.393485
72 182 -47.393485
182 73 -41.921852
73 182 -41.921852
182 81 -51.080702
81 182 -51.080702
182 82 -42.357844
82 182 -42.357844
182 83 -42.847232
83 182 -42.847232
182 91 -42.549612
91 182 -42.549612
182 92 -40.763731
92 182 -40.763731
182 93 -51.169544
93 182 -51.169544
183 72 -53.883718
72 183 -53.883718
183 73 -43.999061
73 183 -43.999061
183 74 -40.247160
74 183 -40.247160
183 82 -44.628408
82 183 -44.628408
183 83 -54.271813
83 183 -54.271813
183 84 -47.342900
84 183 -47.342900
183 92 -42.522412
92 183 -42.522412
183 93 -50.000957
93 183 -50.000957
183 94 -42.964119
94 183 -42.964119
184 73 -53.311679
73 184 -53.311679
184 74 -42.393706
74 184 -42.393706
184 75 -45.920999
75 184 -45.920999
184 83 -44.538666
83 184 -44.538666
184 84 -54.205710
84 184 -54.205710
184 85 -40.725449
85 184 -40.725449
184 93 -53.089402
93 184 -53.089402
184 94 -43.947984
94 184 -43.947984
184 95 -46.825895
95 184 -46.825895
185 74 -48.173383
74 185 -48.173383
185 75 -50.438742
75 185 -50.438742
185 76 -44.252636
76 185 -44.252636
185 84 -40.857249
84 185 -40.857249
185 85 -40.073180
85 185 -40.073180
185 86 -50.136937
86 185 -50.136937
185 94 -48.625620
94 185 -48.625620
185 95 -51.199681
95 185 -51.199681
185 96 -40.178348
96 185 -40.178348
186 75 -43.493578
75 186 -43.493578
186 76 -48.945363
76 186 -48.945363
186 77 -41.543145
77 186 -41.543145
186 85 -43.791828
85 186 -43.791828
186 86 -40.768172
86 186 -40.768172
186 87 -44.784039
87 186 -44.784039
186 95 -45.884082
95 186 -45.884082
186 96 -42.140243
96 186 -42.140243
186 97 -51.283469
97 186 -51.283469
187 76 -47.832149
76 187 -47.832149
187 77 -43.245197
77 187 -43.245197
187 78 -50.575074
78 187 -50.575074
187 86 -50.433729
86 187 -50.433729
187 87 -51.580828
87 187 -51.580828
187 88 -42.500640
88 187 -42.500640
187 96 -50.558311
96 187 -50.558311
187 97 -44.518585
97 187 -44.518585
187 98 -54.324221
98 187 -54.324221
188 77 -42.089692
77 188 -42.089692
188 78 -52.520188
78 188 -52.520188
188 79 -52.948310
79 188 -52.948310
188 87 -43.265176
87 188 -43.265176
188 88 -40.539938
88 188 -40.539938
188 89 -48.869038
89 188 -48.869038
188 97 -54.201354
97 188 -54.201354
188 98 -41.008278
98 188 -41.008278
188 99 -43.137183
99 188 -43.137183
189 78 -43.850105
78 189 -43.850105
189 79 -50.609305
79 189 -50.609305
189 88 -53.304736
88 189 -53.304736
189 89 -54.084831
89 189 -54.084831
189 98 -44.240150
98 189 -44.240150
189 99 -44.985161
99 189 -44.985161
190 80 -45.845138
80 190 -45.845138
190 81 -45.463574
81 190 -45.463574
190 90 -51.640356
90 190 -51.640356
190 91 -52.557878
91 190 -52.557878
191 80 -51.356192
80 191 -51.356192
191 81 -49.915642
81 191 -49.915642
191 82 -49.740769
82 191 -49.740769
191 90 -52.806746
90 191 -52.806746
191 91 -49.454037
91 191 -49.454037
191 92 -48.676004
92 191 -48.676004
192 81 -54.943916
81 192 -54.943916
192 82 -49.301692
82 192 -49.301692
192 83 -52.693780
83 192 -52.693780
192 91 -48.173248
91 192 -48.173248
192 92 -54.106487
92 192 -54.106487
192 93 -53.791338
93 192 -53.791338
193 82 -49.790068
82 193 -49.790068
193 83 -47.934036
83 193 -47.934036
193 84 -50.584371
84 193 -50.584371
193 92 -46.208997
92 193 -46.208997
193 93 -43.613582
93 193 -43.613582
193 94 -45.928932
94 193 -45.928932
194 83 -50.359597
83 194 -50.359597
194 84 -44.443128
84 194 -44.443128
194 85 -40.092161
85 194 -40.092161
194 93 -51.010543
93 194 -51.010543
194 94 -47.735350
94 194 -47.735350
194 95 -52.150475
95 194 -52.150475
195 84 -45.130343
84 195 -45.130343
195 85 -40.172544
85 195 -40.172544
195 86 -47.941274
86 195 -47.941274
195 94 -48.996443
94 195 -48.996443
195 95 -53.675736
95 195 -53.675736
195 96 -42.473296
96 195 -42.473296
196 85 -50.350733
85 196 -50.350733
196 86 -44.715595
86 196 -44.715595
196 87 -48.251214
87 196 -48.251214
196 95 -42.337536
95 196 -42.337536
196 96 -48.922655
96 196 -48.922655
196 97 -43.975866
97 196 -43.975866
197 86 -40.113437
86 197 -40.113437
197 87 -48.142810
87 197 -48.142810
197 88 -45.525303
88 197 -45.525303
197 96 -46.477574
96 197 -46.477574
197 97 -53.179892
97 197 -53.179892
197 98 -45.414240
98 197 -45.414240
198 87 -49.137383
87 198 -49.137383
198 88 -44.106325
88 198 -44.106325
198 89 -49.571109
89 198 -49.571109
198 97 -51.268539
97 198 -51.268539
198 98 -52.170069
98 198 -52.170069
198 99 -44.684024
99 198 -44.684024
199 88 -42.464933
88 199 -42.464933
199 89 -49.349543
89 199 -49.349543
199 98 -51.177898
98 199 -51.177898
199 99 -48.301038
99 199 -48.301038
