0 1 -52.828212
0 2 -53.466558
0 3 -44.434797
0 4 -43.179309
0 5 -50.100064
0 6 -47.962995
0 7 -41.452088
0 8 -40.763577
1 0 -40.664268
1 2 -45.984670
1 3 -46.791514
1 4 -47.651354
1 5 -53.717456
1 6 -41.466305
1 7 -49.425090
1 8 -45.719985
2 0 -41.285163
2 1 -49.342735
2 3 -53.682916
2 4 -44.410532
2 5 -45.523432
2 6 -50.287849
2 7 -40.198964
2 8 -48.581099
3 0 -52.911462
3 1 -53.533370
3 2 -49.087219
3 4 -41.160362
3 5 -52.356617
3 6 -49.464196
3 7 -47.066467
3 8 -52.903021
4 0 -48.647293
4 1 -40.253947
4 2 -48.222344
4 3 -52.032599
4 5 -42.403890
4 6 -52.651720
4 7 -49.143060
4 8 -47.411108
5 0 -50.096025
5 1 -48.981047
5 2 -44.078339
5 3 -52.598342
5 4 -54.691162
5 6 -50.003702
5 7 -41.268446
5 8 -54.434442
6 0 -42.061875
6 1 -46.905739
6 2 -40.736597
6 3 -50.146724
6 4 -43.037957
6 5 -54.741719
6 7 -43.641029
6 8 -44.511450
7 0 -49.699278
7 1 -54.037184
7 2 -52.152138
7 3 -43.311562
7 4 -41.009378
7 5 -40.614745
7 6 -42.329037
7 8 -42.400693
8 0 -49.145801
8 1 -46.648413
8 2 -53.774984
8 3 -46.128637
8 4 -42.517368
8 5 -52.459779
8 6 -42.119691
8 7 -48.726503
9 0 -49.676652
0 9 -49.676652
9 1 -40.713190
1 9 -40.713190
9 3 -45.357312
3 9 -45.357312
9 4 -51.031996
4 9 -51.031996
10 0 -45.266573
0 10 -45.266573
10 1 -41.007664
1 10 -41.007664
10 2 -44.395803
2 10 -44.395803
10 3 -53.006262
3 10 -53.006262
10 4 -49.377410
4 10 -49.377410
10 5 -43.995495
5 10 -43.995495
11 1 -54.408149
1 11 -54.408149
11 2 -45.503733
2 11 -45.503733
11 4 -44.764347
4 11 -44.764347
11 5 -44.716507
5 11 -44.716507
12 0 -44.030584
0 12 -44.030584
12 1 -47.578958
1 12 -47.578958
12 3 -41.201145
3 12 -41.201145
12 4 -48.498899
4 12 -48.498899
12 6 -46.399117
6 12 -46.399117
12 7 -49.159883
7 12 -49.159883
13 0 -41.478704
0 13 -41.478704
13 1 -54.845590
1 13 -54.845590
13 2 -50.659114
2 13 -50.659114
13 3 -47.758238
3 13 -47.758238
13 4 -47.349673
4 13 -47.349673
13 5 -53.834479
5 13 -53.834479
13 6 -54.661109
6 13 -54.661109
13 7 -40.637096
7 13 -40.637096
13 8 -41.088834
8 13 -41.088834
14 1 -52.610838
1 14 -52.610838
14 2 -53.349137
2 14 -53.349137
14 4 -53.078557
4 14 -53.078557
14 5 -46.568892
5 14 -46.568892
14 7 -41.933827
7 14 -41.933827
14 8 -52.336281
8 14 -52.336281
15 3 -53.198474
3 15 -53.198474
15 4 -43.091971
4 15 -43.091971
15 6 -42.564533
6 15 -42.564533
15 7 -47.850963
7 15 -47.850963
16 3 -46.225000
3 16 -46.225000
16 4 -45.688367
4 16 -45.688367
16 5 -49.543660
5 16 -49.543660
16 6 -54.839629
6 16 -54.839629
16 7 -41.978448
7 16 -41.978448
16 8 -51.060979
8 16 -51.060979
17 4 -44.638596
4 17 -44.638596
17 5 -48.532741
5 17 -48.532741
17 7 -47.479334
7 17 -47.479334
17 8 -44.484437
8 17 -44.484437
