0 1 -46.647274
0 5 -48.310212
1 0 -43.933607
1 2 -51.330496
1 6 -42.534288
2 1 -52.353277
2 3 -42.637663
2 7 -48.272974
3 2 -43.293904
3 4 -41.399051
3 8 -53.047120
4 3 -49.892819
4 9 -51.303539
5 0 -45.203385
5 6 -45.232076
5 10 -47.090911
6 1 -47.046947
6 5 -47.372376
6 7 -43.706180
6 11 -40.189881
7 2 -49.821033
7 6 -49.411400
7 8 -53.501602
7 12 -52.833789
8 3 -46.689604
8 7 -47.757411
8 9 -46.066033
8 13 -40.133255
9 4 -49.082068
9 8 -41.757975
9 14 -41.301662
10 5 -41.579172
10 11 -47.263434
10 15 -50.648243
11 6 -46.378092
11 10 -49.799710
11 12 -48.412085
11 16 -52.888825
12 7 -44.865988
12 11 -49.110136
12 13 -48.279634
12 17 -50.300230
13 8 -42.935020
13 12 -54.921136
13 14 -45.854115
13 18 -49.177433
14 9 -49.720933
14 13 -45.810265
14 19 -44.995537
15 10 -50.793765
15 16 -53.518510
15 20 -54.042082
16 11 -40.680298
16 15 -41.278564
16 17 -54.547270
16 21 -49.840838
17 12 -52.544641
17 16 -47.536246
17 18 -51.519638
17 22 -54.500861
18 13 -53.517948
18 17 -41.703405
18 19 -40.598914
18 23 -45.446363
19 14 -46.731632
19 18 -44.612018
19 24 -44.525731
20 15 -54.949739
20 21 -41.140198
21 16 -49.575530
21 20 -44.660575
21 22 -45.984702
22 17 -52.150208
22 21 -43.048003
22 23 -51.950073
23 18 -42.081717
23 22 -52.737182
23 24 -50.447496
24 19 -49.695749
24 23 -47.104192
25 0 -53.475405
0 25 -53.475405
25 1 -43.248091
1 25 -43.248091
26 1 -40.856046
1 26 -40.856046
26 2 -46.662649
2 26 -46.662649
27 2 -40.335933
2 27 -40.335933
27 3 -49.947423
3 27 -49.947423
28 3 -47.244893
3 28 -47.244893
28 4 -54.392598
4 28 -54.392598
29 0 -48.817801
0 29 -48.817801
29 5 -42.740750
5 29 -42.740750
30 1 -46.086840
1 30 -46.086840
30 6 -47.312326
6 30 -47.312326
31 2 -41.651281
2 31 -41.651281
31 7 -46.981793
7 31 -46.981793
32 3 -41.066878
3 32 -41.066878
32 8 -47.104539
8 32 -47.104539
33 4 -49.411748
4 33 -49.411748
33 9 -45.980248
9 33 -45.980248
34 5 -42.757488
5 34 -42.757488
34 6 -51.709070
6 34 -51.709070
35 6 -51.037245
6 35 -51.037245
35 7 -49.890785
7 35 -49.890785
36 7 -46.545371
7 36 -46.545371
36 8 -48.078739
8 36 -48.078739
37 8 -46.127363
8 37 -46.127363
37 9 -43.429593
9 37 -43.429593
38 5 -52.662164
5 38 -52.662164
38 10 -46.559496
10 38 -46.559496
39 6 -47.346544
6 39 -47.346544
39 11 -51.853123
11 39 -51.853123
40 7 -51.619683
7 40 -51.619683
40 12 -51.199926
12 40 -51.199926
41 8 -41.998469
8 41 -41.998469
41 13 -43.899940
13 41 -43.899940
42 9 -44.889354
9 42 -44.889354
42 14 -50.309229
14 42 -50.309229
43 10 -44.372243
10 43 -44.372243
43 11 -49.349744
11 43 -49.349744
44 11 -47.815748
11 44 -47.815748
44 12 -46.491434
12 44 -46.491434
45 12 -50.098505
12 45 -50.098505
45 13 -46.006530
13 45 -46.006530
46 13 -47.752280
13 46 -47.752280
46 14 -47.642779
14 46 -47.642779
47 10 -51.256706
10 47 -51.256706
47 15 -42.499353
15 47 -42.499353
48 11 -41.602622
11 48 -41.602622
48 16 -49.259480
16 48 -49.259480
49 12 -42.865499
12 49 -42.865499
49 17 -51.452732
17 49 -51.452732
50 13 -45.634615
13 50 -45.634615
50 18 -48.780181
18 50 -48.780181
51 14 -44.434206
14 51 -44.434206
51 19 -50.275550
19 51 -50.275550
52 15 -45.985609
15 52 -45.985609
52 16 -47.023292
16 52 -47.023292
53 16 -41.179792
16 53 -41.179792
53 17 -42.380327
17 53 -42.380327
54 17 -42.054435
17 54 -42.054435
54 18 -41.788499
18 54 -41.788499
55 18 -43.518655
18 55 -43.518655
55 19 -40.566181
19 55 -40.566181
56 15 -40.457106
15 56 -40.457106
56 20 -45.184905
20 56 -45.184905
57 16 -42.538701
16 57 -42.538701
57 21 -45.622827
21 57 -45.622827
58 17 -44.287528
17 58 -44.287528
58 22 -51.019820
22 58 -51.019820
59 18 -47.809415
18 59 -47.809415
59 23 -53.204450
23 59 -53.204450
60 19 -52.941753
19 60 -52.941753
60 24 -43.578059
24 60 -43.578059
61 20 -44.891473
20 61 -44.891473
61 21 -46.680070
21 61 -46.680070
62 21 -53.323100
21 62 -53.323100
62 22 -47.808946
22 62 -47.808946
63 22 -46.295313
22 63 -46.295313
63 23 -52.395355
23 63 -52.395355
64 23 -40.409089
23 64 -40.409089
64 24 -41.376024
24 64 -41.376024
