0 1 -52.999670
0 3 -53.356293
1 0 -40.719496
1 2 -51.036743
1 4 -46.859027
2 1 -54.583286
2 5 -40.193474
3 0 -47.887201
3 4 -51.927131
3 6 -44.073647
4 1 -48.497819
4 3 -49.945623
4 5 -43.352839
4 7 -41.376856
5 2 -47.492816
5 4 -47.399511
5 8 -40.449086
6 3 -41.580125
6 7 -42.407055
7 4 -52.945940
7 6 -54.255379
7 8 -44.151469
8 5 -48.947295
8 7 -49.200351
9 0 -54.769596
0 9 -54.769596
9 1 -53.793841
1 9 -53.793841
10 1 -46.206647
1 10 -46.206647
10 2 -44.115045
2 10 -44.115045
11 0 -45.984002
0 11 -45.984002
11 3 -51.402520
3 11 -51.402520
12 1 -47.030853
1 12 -47.030853
12 4 -51.613020
4 12 -51.613020
13 2 -53.715734
2 13 -53.715734
13 5 -49.259259
5 13 -49.259259
14 3 -40.759923
3 14 -40.759923
14 4 -48.642557
4 14 -48.642557
15 4 -53.724049
4 15 -53.724049
15 5 -53.000933
5 15 -53.000933
16 3 -42.634568
3 16 -42.634568
16 6 -54.120412
6 16 -54.120412
17 4 -44.115040
4 17 -44.115040
17 7 -42.858843
7 17 -42.858843
18 5 -45.385395
5 18 -45.385395
18 8 -45.408209
8 18 -45.408209
19 6 -40.257773
6 19 -40.257773
19 7 -54.348496
7 19 -54.348496
20 7 -48.588057
7 20 -48.588057
20 8 -53.519477
8 20 -53.519477
