0 8
8 0
8 22
22 8
22 36
36 22
36 44
44 36
44 46
46 44
46 48
48 46
48 47
47 48
47 45
45 47
45 43
43 45
43 42
42 43
42 35
35 42
35 37
37 35
37 39
39 37
39 41
41 39
41 40
40 41
40 38
38 40
38 32
32 38
32 34
34 32
34 33
33 34
33 31
31 33
31 30
30 31
30 29
29 30
29 28
28 29
28 21
21 28
21 23
23 21
23 25
25 23
25 27
27 25
27 26
26 27
26 24
24 26
24 18
18 24
18 20
20 18
20 19
19 20
19 17
17 19
17 16
16 17
16 15
15 16
15 9
9 15
9 11
11 9
11 13
13 11
13 12
12 13
12 10
10 12
10 4
4 10
4 6
6 4
6 5
5 6
5 3
3 5
3 2
2 3
2 1
1 2
1 7
7 1
7 14
14 7
14 0
0 14
