26 41
41 26
41 25
25 41
25 0
0 25
0 40
40 0
40 6
6 40
6 38
38 6
38 48
48 38
48 2
2 48
2 37
37 2
37 30
30 37
30 13
13 30
13 3
3 13
3 47
47 3
47 43
43 47
43 31
31 43
31 10
10 31
10 46
46 10
46 44
44 46
44 45
45 44
45 14
14 45
14 29
29 14
29 39
39 29
39 21
21 39
21 32
32 21
32 24
24 32
24 5
5 24
5 16
16 5
16 35
35 16
35 28
28 35
28 18
18 28
18 27
27 18
27 8
8 27
8 7
7 8
7 9
9 7
9 12
12 9
12 4
4 12
4 42
42 4
42 1
1 42
1 36
36 1
36 19
19 36
19 20
20 19
20 33
33 20
33 22
22 33
22 34
34 22
34 17
17 34
17 15
15 17
15 11
11 15
11 23
23 11
23 26
26 23
