3 7
7 3
7 12
12 7
12 16
16 12
16 25
25 16
25 29
29 25
29 34
34 29
34 38
38 34
38 42
42 38
42 47
47 42
47 2
2 47
2 5
5 2
5 14
14 5
14 17
17 14
17 26
26 17
26 30
30 26
30 35
35 30
35 39
39 35
39 48
48 39
48 8
8 48
8 13
13 8
13 18
18 13
18 23
23 18
23 28
28 23
28 33
33 28
33 45
45 33
45 0
0 45
0 9
9 0
9 19
19 9
19 21
21 19
21 24
24 21
24 37
37 24
37 40
40 37
40 10
10 40
10 15
15 10
15 20
20 15
20 31
31 20
31 36
36 31
36 41
41 36
41 46
46 41
46 1
1 46
1 6
6 1
6 11
11 6
11 27
27 11
27 32
32 27
32 4
4 32
4 22
22 4
22 43
43 22
43 44
44 43
44 3
3 44
