0 1 -49.265758
0 2 -52.560884
0 7 -47.365825
0 8 -54.002339
0 14 -48.314151
1 0 -53.616855
1 2 -44.407649
1 3 -52.714838
1 7 -47.076289
1 8 -41.846887
1 9 -49.808534
1 15 -50.925990
2 0 -42.147131
2 1 -42.734243
2 3 -49.041269
2 4 -53.337860
2 8 -44.908188
2 9 -45.254635
2 10 -54.822052
2 16 -54.608075
3 1 -48.503084
3 2 -41.714211
3 4 -50.278753
3 5 -53.134424
3 9 -49.069497
3 10 -44.039164
3 11 -47.792066
3 17 -52.612895
4 2 -51.540108
4 3 -44.883287
4 5 -49.556401
4 6 -50.439461
4 10 -46.707139
4 11 -43.380564
4 12 -54.219065
4 18 -49.592202
5 3 -48.603781
5 4 -45.446819
5 6 -44.006855
5 11 -40.581748
5 12 -41.097864
5 13 -49.493274
5 19 -49.938867
6 4 -50.442180
6 5 -47.091122
6 12 -49.937596
6 13 -43.181212
6 20 -50.807836
7 0 -50.867332
7 1 -47.374816
7 8 -49.580061
7 9 -54.710048
7 14 -50.103786
7 15 -53.293309
7 21 -48.530589
8 0 -42.619135
8 1 -52.407653
8 2 -53.246059
8 7 -43.028155
8 9 -54.539046
8 10 -45.453526
8 14 -52.834496
8 15 -45.476803
8 16 -48.979029
8 22 -52.861674
9 1 -54.429618
9 2 -44.615480
9 3 -44.561928
9 7 -46.965765
9 8 -44.714336
9 10 -40.012938
9 11 -49.683939
9 15 -53.033101
9 16 -44.338005
9 17 -43.647779
9 23 -47.106982
10 2 -53.641523
10 3 -45.671499
10 4 -49.775348
10 8 -49.128223
10 9 -54.471018
10 11 -50.855135
10 12 -47.321269
10 16 -52.794755
10 17 -53.533804
10 18 -52.035596
10 24 -48.295689
11 3 -48.264532
11 4 -53.532989
11 5 -46.885497
11 9 -52.444336
11 10 -47.408735
11 12 -47.979558
11 13 -43.617782
11 17 -50.516055
11 18 -47.110571
11 19 -40.285605
11 25 -48.329519
12 4 -45.972285
12 5 -49.762712
12 6 -44.734222
12 10 -51.153403
12 11 -49.620064
12 13 -54.421792
12 18 -54.378984
12 19 -48.018772
12 20 -45.099666
12 26 -49.613337
13 5 -51.922644
13 6 -44.869905
13 11 -42.325391
13 12 -42.107293
13 19 -44.050135
13 20 -46.943983
13 27 -53.238000
14 0 -53.615072
14 7 -54.103799
14 8 -44.776401
14 15 -53.563014
14 16 -52.010740
14 21 -41.493587
14 22 -48.622516
14 28 -48.033277
15 1 -40.031417
15 7 -41.170922
15 8 -50.715278
15 9 -44.746765
15 14 -48.294975
15 16 -53.155736
15 17 -48.656776
15 21 -49.282190
15 22 -40.788575
15 23 -45.655434
15 29 -45.449084
16 2 -50.394388
16 8 -44.576928
16 9 -53.993217
16 10 -50.834997
16 14 -45.334930
16 15 -53.396704
16 17 -43.387872
16 18 -45.459393
16 22 -50.544299
16 23 -44.820374
16 24 -46.526601
16 30 -42.642494
17 3 -43.424418
17 9 -40.587142
17 10 -48.928713
17 11 -52.404235
17 15 -43.373114
17 16 -45.920541
17 18 -41.908917
17 19 -53.684880
17 23 -54.051965
17 24 -45.683638
17 25 -48.556441
17 31 -47.234730
18 4 -49.025489
18 10 -51.371169
18 11 -54.804395
18 12 -51.599142
18 16 -51.552564
18 17 -49.926772
18 19 -41.106364
18 20 -48.238463
18 24 -50.188894
18 25 -54.744751
18 26 -40.879294
18 32 -46.071630
19 5 -48.915494
19 11 -46.319337
19 12 -44.534977
19 13 -48.708663
19 17 -43.974713
19 18 -54.072502
19 20 -44.498133
19 25 -50.690073
19 26 -54.463516
19 27 -47.315826
19 33 -42.125970
20 6 -50.769099
20 12 -44.825572
20 13 -42.403340
20 18 -40.673112
20 19 -49.936785
20 26 -42.498927
20 27 -43.934266
20 34 -42.749068
21 7 -44.273647
21 14 -43.474612
21 15 -47.321898
21 22 -52.372083
21 23 -42.436745
21 28 -47.808121
21 29 -50.448132
21 35 -49.452664
22 8 -41.535668
22 14 -47.628601
22 15 -54.840146
22 16 -53.972895
22 21 -44.824791
22 23 -51.191791
22 24 -50.907932
22 28 -40.291337
22 29 -43.074069
22 30 -42.768881
22 36 -54.491973
23 9 -52.231758
23 15 -54.113655
23 16 -53.671212
23 17 -46.326970
23 21 -52.575362
23 22 -54.276363
23 24 -43.062642
23 25 -40.766305
23 29 -48.580439
23 30 -43.836916
23 31 -43.009844
23 37 -48.623566
24 10 -47.536334
24 16 -47.617108
24 17 -54.444570
24 18 -53.495701
24 22 -47.723286
24 23 -48.123222
24 25 -53.806826
24 26 -46.590743
24 30 -52.003447
24 31 -45.168637
24 32 -54.870873
24 38 -53.697155
25 11 -44.257252
25 17 -44.529262
25 18 -41.645780
25 19 -41.935963
25 23 -53.325244
25 24 -50.479397
25 26 -49.551539
25 27 -46.661885
25 31 -49.650057
25 32 -42.465781
25 33 -53.902835
25 39 -51.853801
26 12 -40.446624
26 18 -43.836683
26 19 -44.247047
26 20 -47.214053
26 24 -46.882833
26 25 -45.012112
26 27 -45.335155
26 32 -42.412082
26 33 -42.204318
26 34 -54.698529
26 40 -53.713129
27 13 -41.742346
27 19 -49.916830
27 20 -43.756854
27 25 -49.967305
27 26 -53.319805
27 33 -52.076772
27 34 -43.615125
27 41 -47.939098
28 14 -40.754914
28 21 -42.246067
28 22 -52.308327
28 29 -50.882140
28 30 -45.739403
28 35 -42.949055
28 36 -54.136942
28 42 -51.093291
29 15 -46.455355
29 21 -40.436974
29 22 -42.670738
29 23 -40.610697
29 28 -41.381385
29 30 -40.866361
29 31 -40.601895
29 35 -53.263119
29 36 -41.521478
29 37 -52.322491
29 43 -52.641441
30 16 -51.423307
30 22 -42.708199
30 23 -40.050591
30 24 -46.432739
30 28 -46.626936
30 29 -49.543463
30 31 -50.991505
30 32 -47.604001
30 36 -50.917652
30 37 -51.944965
30 38 -44.973881
30 44 -53.784866
31 17 -40.359855
31 23 -50.386941
31 24 -40.886129
31 25 -51.886483
31 29 -46.820244
31 30 -42.697906
31 32 -44.396739
31 33 -40.807852
31 37 -51.747744
31 38 -48.345336
31 39 -44.712201
31 45 -40.353650
32 18 -50.035532
32 24 -45.409185
32 25 -44.936079
32 26 -47.264258
32 30 -41.869199
32 31 -54.813030
32 33 -41.585849
32 34 -52.194844
32 38 -53.161435
32 39 -52.952369
32 40 -54.086715
32 46 -44.087389
33 19 -49.294254
33 25 -50.867170
33 26 -41.253331
33 27 -45.381138
33 31 -44.206639
33 32 -41.062372
33 34 -52.286038
33 39 -50.078979
33 40 -53.985076
33 41 -53.718088
33 47 -51.240241
34 20 -41.847044
34 26 -53.285755
34 27 -52.851014
34 32 -48.552976
34 33 -54.083597
34 40 -51.996516
34 41 -45.953315
34 48 -41.873179
35 21 -51.097067
35 28 -47.520602
35 29 -50.537466
35 36 -49.066109
35 37 -47.993813
35 42 -52.429419
35 43 -43.399589
36 22 -50.739311
36 28 -49.394008
36 29 -46.593767
36 30 -42.470406
36 35 -40.537249
36 37 -52.810768
36 38 -50.673285
36 42 -45.751225
36 43 -48.309795
36 44 -50.713977
37 23 -42.543276
37 29 -45.787172
37 30 -47.578244
37 31 -47.465398
37 35 -41.113050
37 36 -45.234522
37 38 -44.333498
37 39 -52.550378
37 43 -50.257438
37 44 -40.217177
37 45 -45.845104
38 24 -42.716064
38 30 -40.845439
38 31 -43.264735
38 32 -42.188789
38 36 -50.011035
38 37 -54.384001
38 39 -48.382396
38 40 -43.634038
38 44 -54.964205
38 45 -46.241624
38 46 -41.173288
39 25 -54.324526
39 31 -51.434937
39 32 -49.741898
39 33 -47.345031
39 37 -43.489463
39 38 -49.676151
39 40 -50.211115
39 41 -49.867131
39 45 -53.762102
39 46 -47.107070
39 47 -53.986778
40 26 -54.513521
40 32 -43.716475
40 33 -51.719769
40 34 -53.213087
40 38 -43.912334
40 39 -50.896601
40 41 -42.481656
40 46 -42.904870
40 47 -48.791701
40 48 -47.393400
41 27 -49.394968
41 33 -49.858233
41 34 -46.793620
41 39 -48.976079
41 40 -54.028956
41 47 -46.348778
41 48 -45.781535
42 28 -44.291729
42 35 -54.180784
42 36 -50.126718
42 43 -43.965895
42 44 -54.224421
43 29 -48.345691
43 35 -44.321640
43 36 -50.615069
43 37 -47.632780
43 42 -43.433594
43 44 -47.084517
43 45 -50.492239
44 30 -54.429020
44 36 -50.153295
44 37 -46.850340
44 38 -46.845761
44 42 -50.265957
44 43 -52.649861
44 45 -42.989662
44 46 -52.580878
45 31 -50.565432
45 37 -40.194499
45 38 -49.624544
45 39 -54.011968
45 43 -45.793578
45 44 -52.711956
45 46 -42.129287
45 47 -54.670324
46 32 -49.187019
46 38 -44.494668
46 39 -44.904802
46 40 -48.775280
46 44 -49.232612
46 45 -42.965432
46 47 -41.955280
46 48 -52.349986
47 33 -51.529475
47 39 -43.144303
47 40 -53.804037
47 41 -42.244978
47 45 -52.840060
47 46 -46.331481
47 48 -43.449883
48 34 -48.216741
48 40 -52.784165
48 41 -41.945083
48 46 -44.177642
48 47 -42.152751
49 0 -54.788742
0 49 -54.788742
49 1 -50.163056
1 49 -50.163056
49 7 -42.606420
7 49 -42.606420
50 0 -50.130813
0 50 -50.130813
50 1 -43.936312
1 50 -43.936312
50 2 -54.823400
2 50 -54.823400
50 8 -40.084652
8 50 -40.084652
51 1 -50.311022
1 51 -50.311022
51 2 -47.106367
2 51 -47.106367
51 3 -52.637693
3 51 -52.637693
51 9 -43.722645
9 51 -43.722645
52 2 -40.902607
2 52 -40.902607
52 3 -52.492189
3 52 -52.492189
52 4 -43.839943
4 52 -43.839943
52 10 -45.503394
10 52 -45.503394
53 3 -43.913057
3 53 -43.913057
53 4 -45.812603
4 53 -45.812603
53 5 -53.932707
5 53 -53.932707
53 11 -45.935609
11 53 -45.935609
54 4 -50.039416
4 54 -50.039416
54 5 -54.957148
5 54 -54.957148
54 6 -45.134452
6 54 -45.134452
54 12 -40.747453
12 54 -40.747453
55 5 -43.399342
5 55 -43.399342
55 6 -45.354975
6 55 -45.354975
55 13 -44.922917
13 55 -44.922917
56 0 -42.195162
0 56 -42.195162
56 7 -52.754999
7 56 -52.754999
56 8 -52.556853
8 56 -52.556853
56 14 -42.629066
14 56 -42.629066
57 1 -45.310545
1 57 -45.310545
57 7 -41.123494
7 57 -41.123494
57 8 -52.260914
8 57 -52.260914
57 9 -54.860831
9 57 -54.860831
57 15 -46.348626
15 57 -46.348626
58 2 -46.888117
2 58 -46.888117
58 8 -49.402273
8 58 -49.402273
58 9 -40.144505
9 58 -40.144505
58 10 -41.365507
10 58 -41.365507
58 16 -53.189491
16 58 -53.189491
59 3 -43.701707
3 59 -43.701707
59 9 -42.146019
9 59 -42.146019
59 10 -53.490493
10 59 -53.490493
59 11 -50.123541
11 59 -50.123541
59 17 -44.188871
17 59 -44.188871
60 4 -51.875001
4 60 -51.875001
60 10 -40.869977
10 60 -40.869977
60 11 -52.902506
11 60 -52.902506
60 12 -41.576875
12 60 -41.576875
60 18 -40.703907
18 60 -40.703907
61 5 -43.283077
5 61 -43.283077
61 11 -41.403712
11 61 -41.403712
61 12 -42.577680
12 61 -42.577680
61 13 -47.136985
13 61 -47.136985
61 19 -48.603915
19 61 -48.603915
62 6 -40.510682
6 62 -40.510682
62 12 -49.465732
12 62 -49.465732
62 13 -45.832442
13 62 -45.832442
62 20 -53.135656
20 62 -53.135656
63 7 -46.625840
7 63 -46.625840
63 14 -49.200938
14 63 -49.200938
63 15 -45.430281
15 63 -45.430281
63 21 -44.949055
21 63 -44.949055
64 8 -49.977172
8 64 -49.977172
64 14 -40.058310
14 64 -40.058310
64 15 -40.594965
15 64 -40.594965
64 16 -42.931980
16 64 -42.931980
64 22 -46.235740
22 64 -46.235740
65 9 -51.920132
9 65 -51.920132
65 15 -41.034815
15 65 -41.034815
65 16 -41.557751
16 65 -41.557751
65 17 -54.458135
17 65 -54.458135
65 23 -45.300712
23 65 -45.300712
66 10 -47.213510
10 66 -47.213510
66 16 -52.549990
16 66 -52.549990
66 17 -41.720030
17 66 -41.720030
66 18 -42.012255
18 66 -42.012255
66 24 -45.868350
24 66 -45.868350
67 11 -47.857997
11 67 -47.857997
67 17 -41.937733
17 67 -41.937733
67 18 -48.509828
18 67 -48.509828
67 19 -44.654288
19 67 -44.654288
67 25 -41.971658
25 67 -41.971658
68 12 -41.584108
12 68 -41.584108
68 18 -54.670812
18 68 -54.670812
68 19 -52.484947
19 68 -52.484947
68 20 -44.083493
20 68 -44.083493
68 26 -54.229138
26 68 -54.229138
69 13 -42.900938
13 69 -42.900938
69 19 -43.488437
19 69 -43.488437
69 20 -45.314195
20 69 -45.314195
69 27 -43.788049
27 69 -43.788049
70 14 -44.845179
14 70 -44.845179
70 21 -46.268049
21 70 -46.268049
70 22 -42.263450
22 70 -42.263450
70 28 -47.255246
28 70 -47.255246
71 15 -41.042032
15 71 -41.042032
71 21 -50.604883
21 71 -50.604883
71 22 -47.830652
22 71 -47.830652
71 23 -41.704930
23 71 -41.704930
71 29 -40.989084
29 71 -40.989084
72 16 -54.573473
16 72 -54.573473
72 22 -48.271360
22 72 -48.271360
72 23 -42.475495
23 72 -42.475495
72 24 -44.507894
24 72 -44.507894
72 30 -46.499306
30 72 -46.499306
73 17 -53.759382
17 73 -53.759382
73 23 -50.155254
23 73 -50.155254
73 24 -44.201196
24 73 -44.201196
73 25 -52.088862
25 73 -52.088862
73 31 -50.222297
31 73 -50.222297
74 18 -44.240953
18 74 -44.240953
74 24 -44.208290
24 74 -44.208290
74 25 -44.817018
25 74 -44.817018
74 26 -54.992102
26 74 -54.992102
74 32 -47.618091
32 74 -47.618091
75 19 -52.232553
19 75 -52.232553
75 25 -51.270962
25 75 -51.270962
75 26 -49.776037
26 75 -49.776037
75 27 -41.580992
27 75 -41.580992
75 33 -50.815319
33 75 -50.815319
76 20 -49.986138
20 76 -49.986138
76 26 -40.132032
26 76 -40.132032
76 27 -44.249489
27 76 -44.249489
76 34 -43.774380
34 76 -43.774380
77 21 -43.765903
21 77 -43.765903
77 28 -44.709540
28 77 -44.709540
77 29 -41.550094
29 77 -41.550094
77 35 -45.414028
35 77 -45.414028
78 22 -41.863694
22 78 -41.863694
78 28 -41.059201
28 78 -41.059201
78 29 -43.813836
29 78 -43.813836
78 30 -40.271892
30 78 -40.271892
78 36 -51.011126
36 78 -51.011126
79 23 -44.688208
23 79 -44.688208
79 29 -50.067087
29 79 -50.067087
79 30 -52.642595
30 79 -52.642595
79 31 -51.519804
31 79 -51.519804
79 37 -54.771051
37 79 -54.771051
80 24 -45.957411
24 80 -45.957411
80 30 -50.207823
30 80 -50.207823
80 31 -44.039504
31 80 -44.039504
80 32 -54.861213
32 80 -54.861213
80 38 -54.636332
38 80 -54.636332
81 25 -48.268857
25 81 -48.268857
81 31 -54.968170
31 81 -54.968170
81 32 -51.494909
32 81 -51.494909
81 33 -52.181085
33 81 -52.181085
81 39 -44.565212
39 81 -44.565212
82 26 -53.156246
26 82 -53.156246
82 32 -49.528740
32 82 -49.528740
82 33 -52.277612
33 82 -52.277612
82 34 -53.439044
34 82 -53.439044
82 40 -42.307337
40 82 -42.307337
83 27 -41.419538
27 83 -41.419538
83 33 -44.473076
33 83 -44.473076
83 34 -41.496882
34 83 -41.496882
83 41 -47.248369
41 83 -47.248369
84 28 -52.179817
28 84 -52.179817
84 35 -40.027810
35 84 -40.027810
84 36 -48.822303
36 84 -48.822303
84 42 -44.478090
42 84 -44.478090
85 29 -53.331463
29 85 -53.331463
85 35 -46.003842
35 85 -46.003842
85 36 -41.638923
36 85 -41.638923
85 37 -45.058067
37 85 -45.058067
85 43 -46.544838
43 85 -46.544838
86 30 -53.258036
30 86 -53.258036
86 36 -54.593843
36 86 -54.593843
86 37 -46.940985
37 86 -46.940985
86 38 -43.347713
38 86 -43.347713
86 44 -47.914688
44 86 -47.914688
87 31 -46.373181
31 87 -46.373181
87 37 -46.042323
37 87 -46.042323
87 38 -42.991038
38 87 -42.991038
87 39 -53.079812
39 87 -53.079812
87 45 -49.352587
45 87 -49.352587
88 32 -46.863521
32 88 -46.863521
88 38 -53.826555
38 88 -53.826555
88 39 -47.055273
39 88 -47.055273
88 40 -47.780751
40 88 -47.780751
88 46 -52.617403
46 88 -52.617403
89 33 -53.395981
33 89 -53.395981
89 39 -54.810396
39 89 -54.810396
89 40 -47.327963
40 89 -47.327963
89 41 -41.738502
41 89 -41.738502
89 47 -53.997532
47 89 -53.997532
90 34 -44.819940
34 90 -44.819940
90 40 -42.723346
40 90 -42.723346
90 41 -48.180671
41 90 -48.180671
90 48 -47.196626
48 90 -47.196626
91 35 -52.600329
35 91 -52.600329
91 42 -43.075749
42 91 -43.075749
91 43 -43.013965
43 91 -43.013965
92 36 -51.226123
36 92 -51.226123
92 42 -48.804335
42 92 -48.804335
92 43 -48.968977
43 92 -48.968977
92 44 -52.247576
44 92 -52.247576
93 37 -43.790663
37 93 -43.790663
93 43 -52.870688
43 93 -52.870688
93 44 -52.383819
44 93 -52.383819
93 45 -51.954928
45 93 -51.954928
94 38 -44.618597
38 94 -44.618597
94 44 -44.519998
44 94 -44.519998
94 45 -44.032380
45 94 -44.032380
94 46 -44.574144
46 94 -44.574144
95 39 -42.507817
39 95 -42.507817
95 45 -53.525976
45 95 -53.525976
95 46 -45.416520
46 95 -45.416520
95 47 -49.962318
47 95 -49.962318
96 40 -54.677081
40 96 -54.677081
96 46 -51.928771
46 96 -51.928771
96 47 -49.117792
47 96 -49.117792
96 48 -43.724655
48 96 -43.724655
97 41 -45.923326
41 97 -45.923326
97 47 -52.346678
47 97 -52.346678
97 48 -50.951092
48 97 -50.951092
