0 11
11 0
11 31
31 11
31 51
51 31
51 71
71 51
71 91
91 71
91 93
93 91
93 95
95 93
95 97
97 95
97 99
99 97
99 98
98 99
98 96
96 98
96 94
94 96
94 92
92 94
92 90
90 92
90 81
81 90
81 83
83 81
83 85
85 83
85 87
87 85
87 89
89 87
89 88
88 89
88 86
86 88
86 84
84 86
84 82
82 84
82 80
80 82
80 70
70 80
70 72
72 70
72 74
74 72
74 76
76 74
76 78
78 76
78 79
79 78
79 77
77 79
77 75
75 77
75 73
73 75
73 64
64 73
64 66
66 64
66 68
68 66
68 69
69 68
69 67
67 69
67 65
65 67
65 63
63 65
63 62
62 63
62 61
61 62
61 60
60 61
60 50
50 60
50 52
52 50
52 54
54 52
54 56
56 54
56 58
58 56
58 59
59 58
59 57
57 59
57 55
55 57
55 53
53 55
53 44
44 53
44 46
46 44
46 48
48 46
48 49
49 48
49 47
47 49
47 45
45 47
45 43
43 45
43 42
42 43
42 41
41 42
41 40
40 41
40 30
30 40
30 32
32 30
32 34
34 32
34 36
36 34
36 38
38 36
38 39
39 38
39 37
37 39
37 35
35 37
35 33
33 35
33 24
24 33
24 26
26 24
26 28
28 26
28 29
29 28
29 27
27 29
27 25
25 27
25 23
23 25
23 22
22 23
22 21
21 22
21 12
12 21
12 14
14 12
14 16
16 14
16 18
18 16
18 19
19 18
19 17
17 19
17 15
15 17
15 13
13 15
13 4
4 13
4 6
6 4
6 8
8 6
8 9
9 8
9 7
7 9
7 5
5 7
5 3
3 5
3 2
2 3
2 1
1 2
1 10
10 1
10 20
20 10
20 0
0 20
