0 3
3 0
3 6
6 3
6 18
18 6
18 22
22 18
22 25
25 22
25 30
30 25
30 37
37 30
37 43
43 37
43 49
49 43
49 55
55 49
55 62
62 55
62 67
67 62
67 70
70 67
70 74
74 70
74 86
86 74
86 89
89 86
89 92
92 89
92 4
4 92
4 7
7 4
7 11
11 7
11 19
19 11
19 23
23 19
23 26
26 23
26 38
38 26
38 42
42 38
42 45
45 42
45 50
50 45
50 57
57 50
57 64
64 57
64 69
69 64
69 72
72 69
72 76
76 72
76 88
88 76
88 90
90 88
90 93
93 90
93 1
1 93
1 9
9 1
9 13
13 9
13 16
16 13
16 20
20 16
20 28
28 20
28 32
32 28
32 35
35 32
35 47
47 35
47 51
51 47
51 54
54 51
54 59
59 54
59 66
66 59
66 78
78 66
78 80
80 78
80 83
83 80
83 95
95 83
95 5
5 95
5 8
8 5
8 21
21 8
21 24
24 21
24 27
27 24
27 39
39 27
39 46
46 39
46 52
52 46
52 58
58 52
58 60
60 58
60 65
65 60
65 73
73 65
73 77
77 73
77 81
81 77
81 94
94 81
94 98
98 94
98 12
12 98
12 15
15 12
15 29
29 15
29 33
33 29
33 36
36 33
36 41
41 36
41 63
63 41
63 68
68 63
68 82
82 68
82 85
85 82
85 97
97 85
97 10
10 97
10 17
17 10
17 34
34 17
34 40
40 34
40 48
48 40
48 53
53 48
53 71
71 53
71 75
75 71
75 87
87 75
87 99
99 87
99 31
31 99
31 44
44 31
44 56
56 44
56 79
79 56
79 84
84 79
84 91
91 84
91 14
14 91
14 61
61 14
61 96
96 61
96 2
2 96
2 0
0 2
