0 1 -43.568155
0 2 -49.097845
0 10 -45.736728
0 11 -50.101557
0 20 -45.757687
1 0 -44.018708
1 2 -54.567283
1 3 -46.720365
1 10 -41.434807
1 11 -48.197587
1 12 -49.286587
1 21 -50.027908
2 0 -43.205216
2 1 -46.254308
2 3 -53.542116
2 4 -42.049120
2 11 -42.671216
2 12 -51.132140
2 13 -47.249637
2 22 -46.200598
3 1 -46.914878
3 2 -50.790481
3 4 -48.185502
3 5 -54.460478
3 12 -40.835887
3 13 -45.983104
3 14 -53.967932
3 23 -43.971125
4 2 -49.182376
4 3 -52.637336
4 5 -48.182685
4 6 -54.872740
4 13 -48.714363
4 14 -49.713374
4 15 -52.215258
4 24 -43.143671
5 3 -41.521085
5 4 -41.980450
5 6 -47.898264
5 7 -42.129164
5 14 -40.388502
5 15 -53.448069
5 16 -50.510743
5 25 -53.177755
6 4 -53.583598
6 5 -40.313936
6 7 -50.319522
6 8 -40.000008
6 15 -48.246201
6 16 -53.433789
6 17 -41.181159
6 26 -42.898003
7 5 -44.801410
7 6 -49.294612
7 8 -45.124719
7 9 -41.719167
7 16 -44.030994
7 17 -54.705911
7 18 -52.833719
7 27 -44.737674
8 6 -42.902198
8 7 -50.545148
8 9 -46.220384
8 17 -52.496882
8 18 -54.511937
8 19 -52.566604
8 28 -54.864844
9 7 -48.787652
9 8 -53.215303
9 18 -50.956846
9 19 -47.858031
9 29 -40.990536
10 0 -40.801893
10 1 -54.476832
10 11 -53.397989
10 12 -46.224361
10 20 -40.899231
10 21 -47.108455
10 30 -52.746512
11 0 -47.159855
11 1 -54.640972
11 2 -45.037520
11 10 -41.330475
11 12 -54.364045
11 13 -49.520022
11 20 -51.890618
11 21 -47.054183
11 22 -41.848937
11 31 -50.381198
12 1 -45.207293
12 2 -44.871000
12 3 -41.916179
12 10 -53.036192
12 11 -43.352290
12 13 -51.415217
12 14 -45.179464
12 21 -41.905035
12 22 -47.117168
12 23 -51.817595
12 32 -42.594928
13 2 -44.425004
13 3 -54.493307
13 4 -40.626419
13 11 -50.105287
13 12 -46.410793
13 14 -49.544508
13 15 -51.656374
13 22 -42.566647
13 23 -52.575787
13 24 -49.617543
13 33 -45.405972
14 3 -44.281110
14 4 -47.691781
14 5 -46.062325
14 12 -51.114318
14 13 -51.802268
14 15 -42.241335
14 16 -41.213854
14 23 -43.503647
14 24 -54.460323
14 25 -51.828188
14 34 -53.840845
15 4 -52.042546
15 5 -46.578601
15 6 -47.426933
15 13 -44.329002
15 14 -51.810620
15 16 -45.641798
15 17 -43.471890
15 24 -42.163866
15 25 -54.491784
15 26 -43.753274
15 35 -50.510253
16 5 -51.033839
16 6 -40.912701
16 7 -41.889555
16 14 -42.822155
16 15 -53.680398
16 17 -51.847131
16 18 -53.717156
16 25 -46.085271
16 26 -47.944938
16 27 -46.969925
16 36 -47.805292
17 6 -43.515314
17 7 -49.454248
17 8 -40.233884
17 15 -46.150183
17 16 -45.702529
17 18 -51.003943
17 19 -42.649420
17 26 -53.374422
17 27 -42.831446
17 28 -40.328019
17 37 -44.494182
18 7 -43.296955
18 8 -50.554878
18 9 -47.863289
18 16 -49.560162
18 17 -47.044326
18 19 -41.566596
18 27 -46.491930
18 28 -47.905882
18 29 -52.116798
18 38 -50.508769
19 8 -48.855834
19 9 -46.638467
19 17 -40.164746
19 18 -54.195694
19 28 -51.726491
19 29 -41.634335
19 39 -52.082061
20 0 -48.252040
20 10 -45.957074
20 11 -45.653373
20 21 -51.442193
20 22 -42.813112
20 30 -50.215729
20 31 -40.295559
20 40 -49.181077
21 1 -41.600731
21 10 -53.960325
21 11 -52.042330
21 12 -41.577821
21 20 -41.437811
21 22 -44.639137
21 23 -50.793263
21 30 -45.611300
21 31 -49.248636
21 32 -40.321970
21 41 -53.477684
22 2 -47.777232
22 11 -52.132168
22 12 -42.035214
22 13 -41.085302
22 20 -42.407084
22 21 -47.244208
22 23 -50.577530
22 24 -42.006405
22 31 -53.739412
22 32 -47.846217
22 33 -42.852255
22 42 -41.610017
23 3 -54.651413
23 12 -41.578464
23 13 -45.344268
23 14 -45.750209
23 21 -46.226330
23 22 -42.553002
23 24 -50.985394
23 25 -42.619701
23 32 -45.481413
23 33 -43.306088
23 34 -52.031737
23 43 -46.788596
24 4 -43.902833
24 13 -47.899106
24 14 -45.194463
24 15 -41.155617
24 22 -43.878434
24 23 -48.282008
24 25 -48.366815
24 26 -48.798177
24 33 -48.043489
24 34 -44.923149
24 35 -44.502442
24 44 -43.613228
25 5 -46.524795
25 14 -45.967440
25 15 -46.875389
25 16 -42.125319
25 23 -41.757495
25 24 -50.340346
25 26 -48.171484
25 27 -51.661693
25 34 -49.614577
25 35 -45.735282
25 36 -54.078196
25 45 -54.164357
26 6 -51.944297
26 15 -46.428568
26 16 -42.376310
26 17 -51.270583
26 24 -43.739116
26 25 -44.456424
26 27 -50.362285
26 28 -50.737135
26 35 -45.091172
26 36 -40.815979
26 37 -49.224335
26 46 -41.947097
27 7 -54.508432
27 16 -44.931133
27 17 -48.708245
27 18 -49.733730
27 25 -50.931698
27 26 -53.186144
27 28 -53.239738
27 29 -54.843302
27 36 -41.205320
27 37 -52.605737
27 38 -53.174582
27 47 -44.228407
28 8 -52.197148
28 17 -40.163670
28 18 -50.788790
28 19 -49.885057
28 26 -53.127185
28 27 -52.312195
28 29 -52.781644
28 37 -51.938124
28 38 -50.812974
28 39 -47.144110
28 48 -52.264670
29 9 -50.638436
29 18 -41.738666
29 19 -45.314557
29 27 -52.298593
29 28 -52.248438
29 38 -49.812974
29 39 -42.308173
29 49 -44.066246
30 10 -40.654017
30 20 -53.156921
30 21 -40.395710
30 31 -54.558506
30 32 -50.850313
30 40 -50.280123
30 41 -49.964445
30 50 -51.339362
31 11 -54.073524
31 20 -51.269129
31 21 -47.986088
31 22 -50.522902
31 30 -52.053587
31 32 -53.123486
31 33 -41.348351
31 40 -41.306218
31 41 -45.988419
31 42 -51.678713
31 51 -52.241413
32 12 -53.520534
32 21 -48.337028
32 22 -41.132656
32 23 -41.811189
32 30 -49.363282
32 31 -48.373682
32 33 -49.004906
32 34 -49.841208
32 41 -51.148945
32 42 -52.935756
32 43 -52.085825
32 52 -54.472358
33 13 -53.940019
33 22 -44.048518
33 23 -52.040981
33 24 -48.252213
33 31 -44.379370
33 32 -43.474814
33 34 -45.426331
33 35 -49.260533
33 42 -47.026197
33 43 -52.272918
33 44 -40.969907
33 53 -51.984238
34 14 -45.341009
34 23 -54.301865
34 24 -42.212451
34 25 -51.641926
34 32 -49.966135
34 33 -51.285787
34 35 -42.538113
34 36 -43.073940
34 43 -48.787056
34 44 -41.717856
34 45 -49.350764
34 54 -53.944568
35 15 -43.141706
35 24 -44.729964
35 25 -54.292333
35 26 -54.181846
35 33 -51.557636
35 34 -45.498856
35 36 -53.343096
35 37 -46.636667
35 44 -41.091099
35 45 -46.179439
35 46 -47.700313
35 55 -48.553754
36 16 -44.542945
36 25 -43.419294
36 26 -54.640930
36 27 -47.542762
36 34 -48.950614
36 35 -47.561946
36 37 -51.302967
36 38 -50.077059
36 45 -53.773298
36 46 -48.604832
36 47 -42.430932
36 56 -45.895410
37 17 -45.759066
37 26 -52.938846
37 27 -41.823493
37 28 -43.223099
37 35 -43.271556
37 36 -40.667910
37 38 -54.019573
37 39 -43.956984
37 46 -40.403424
37 47 -53.630710
37 48 -49.931470
37 57 -50.693371
38 18 -52.445884
38 27 -43.209301
38 28 -50.934459
38 29 -41.803291
38 36 -42.257684
38 37 -45.561917
38 39 -54.312761
38 47 -48.663157
38 48 -47.577568
38 49 -41.562663
38 58 -53.897743
39 19 -40.165584
39 28 -44.876352
39 29 -47.913037
39 37 -40.091099
39 38 -53.672211
39 48 -46.896522
39 49 -53.054582
39 59 -48.465411
40 20 -54.657384
40 30 -51.007154
40 31 -46.589374
40 41 -46.872933
40 42 -43.350169
40 50 -51.535354
40 51 -47.762087
40 60 -40.851004
41 21 -44.213824
41 30 -52.139551
41 31 -42.281439
41 32 -41.900243
41 40 -47.544310
41 42 -44.512889
41 43 -52.745288
41 50 -45.295020
41 51 -50.543739
41 52 -48.902385
41 61 -51.546394
42 22 -46.000029
42 31 -44.290879
42 32 -51.949385
42 33 -52.120599
42 40 -53.890479
42 41 -52.237288
42 43 -45.594933
42 44 -52.013531
42 51 -53.955287
42 52 -45.166241
42 53 -42.913622
42 62 -41.783993
43 23 -53.397987
43 32 -52.116114
43 33 -48.456178
43 34 -45.179328
43 41 -44.752505
43 42 -52.558835
43 44 -49.411435
43 45 -48.675380
43 52 -42.405682
43 53 -43.306863
43 54 -41.776441
43 63 -53.739955
44 24 -46.929653
44 33 -42.717607
44 34 -51.683378
44 35 -48.713777
44 42 -48.462061
44 43 -51.023058
44 45 -42.409783
44 46 -43.629595
44 53 -54.694152
44 54 -51.546751
44 55 -52.679581
44 64 -51.169171
45 25 -52.243168
45 34 -50.317048
45 35 -54.751891
45 36 -40.434531
45 43 -53.983019
45 44 -47.412268
45 46 -53.516704
45 47 -48.882034
45 54 -45.027207
45 55 -49.583529
45 56 -43.417834
45 65 -44.108307
46 26 -42.374735
46 35 -43.617372
46 36 -45.343912
46 37 -53.304280
46 44 -45.289413
46 45 -41.500756
46 47 -46.712464
46 48 -51.078390
46 55 -41.905910
46 56 -52.966128
46 57 -40.123271
46 66 -44.826732
47 27 -48.533616
47 36 -44.352061
47 37 -41.756729
47 38 -43.335378
47 45 -50.434355
47 46 -47.345550
47 48 -44.835627
47 49 -47.340876
47 56 -48.528427
47 57 -43.180083
47 58 -43.728302
47 67 -43.338710
48 28 -54.557543
48 37 -49.742963
48 38 -46.469516
48 39 -42.195783
48 46 -47.059639
48 47 -53.135076
48 49 -54.127952
48 57 -50.771812
48 58 -54.138746
48 59 -44.598078
48 68 -47.771566
49 29 -44.207608
49 38 -53.434353
49 39 -42.364333
49 47 -48.669066
49 48 -50.234173
49 58 -48.457818
49 59 -44.669123
49 69 -50.603577
50 30 -46.465155
50 40 -48.479500
50 41 -48.402415
50 51 -47.285839
50 52 -48.314124
50 60 -46.180582
50 61 -52.696868
50 70 -43.082018
51 31 -47.891709
51 40 -51.247971
51 41 -53.316206
51 42 -53.594574
51 50 -52.935352
51 52 -47.037158
51 53 -53.439220
51 60 -53.567213
51 61 -46.201074
51 62 -43.583822
51 71 -43.315385
52 32 -41.480771
52 41 -49.652264
52 42 -47.172597
52 43 -49.872397
52 50 -46.379431
52 51 -48.113467
52 53 -45.029598
52 54 -42.085346
52 61 -53.346230
52 62 -51.433332
52 63 -52.185972
52 72 -48.537862
53 33 -47.792870
53 42 -47.166696
53 43 -54.632176
53 44 -50.909173
53 51 -40.854743
53 52 -51.842827
53 54 -45.583138
53 55 -48.409419
53 62 -47.264193
53 63 -44.965100
53 64 -42.037396
53 73 -52.381306
54 34 -43.585233
54 43 -47.625131
54 44 -44.269925
54 45 -48.903847
54 52 -40.399766
54 53 -54.090949
54 55 -44.035216
54 56 -50.145799
54 63 -50.240257
54 64 -49.641026
54 65 -41.994642
54 74 -42.225113
55 35 -51.704610
55 44 -43.552494
55 45 -51.285148
55 46 -54.623941
55 53 -52.157519
55 54 -45.653498
55 56 -49.980260
55 57 -46.060804
55 64 -52.482198
55 65 -47.181273
55 66 -48.866262
55 75 -43.395346
56 36 -52.305517
56 45 -52.200393
56 46 -41.107207
56 47 -52.334588
56 54 -40.725425
56 55 -54.479927
56 57 -54.774099
56 58 -41.718003
56 65 -51.940544
56 66 -40.734546
56 67 -53.850118
56 76 -44.113375
57 37 -54.336853
57 46 -53.070684
57 47 -42.655343
57 48 -47.040290
57 55 -43.863483
57 56 -50.190289
57 58 -43.983392
57 59 -45.210386
57 66 -50.253541
57 67 -48.662943
57 68 -41.633571
57 77 -40.170706
58 38 -54.787148
58 47 -41.963853
58 48 -50.976163
58 49 -42.455949
58 56 -44.674512
58 57 -49.528341
58 59 -48.928077
58 67 -51.880005
58 68 -40.348974
58 69 -47.222863
58 78 -48.568148
59 39 -44.856528
59 48 -54.598154
59 49 -40.956946
59 57 -45.539234
59 58 -40.852248
59 68 -52.880045
59 69 -46.012361
59 79 -40.315631
60 40 -45.900357
60 50 -49.128537
60 51 -45.267007
60 61 -47.521720
60 62 -48.723666
60 70 -49.714269
60 71 -48.441487
60 80 -44.231269
61 41 -53.512926
61 50 -45.253289
61 51 -46.828567
61 52 -50.664810
61 60 -45.863276
61 62 -54.772115
61 63 -46.842766
61 70 -44.855569
61 71 -54.804259
61 72 -44.256859
61 81 -53.596810
62 42 -50.880229
62 51 -52.493355
62 52 -53.037548
62 53 -44.195326
62 60 -40.926940
62 61 -51.651248
62 63 -52.913156
62 64 -42.992380
62 71 -45.466686
62 72 -52.623095
62 73 -46.917859
62 82 -43.450770
63 43 -49.457140
63 52 -51.075905
63 53 -53.894139
63 54 -44.363006
63 61 -47.991302
63 62 -41.217867
63 64 -44.948435
63 65 -54.488709
63 72 -42.491311
63 73 -42.223628
63 74 -53.165988
63 83 -51.059521
64 44 -45.712532
64 53 -51.813886
64 54 -40.142299
64 55 -52.941626
64 62 -52.671680
64 63 -52.949657
64 65 -50.337518
64 66 -40.466421
64 73 -45.466377
64 74 -42.563908
64 75 -47.989370
64 84 -53.111155
65 45 -52.962569
65 54 -54.656974
65 55 -40.366008
65 56 -44.301858
65 63 -54.732097
65 64 -45.129486
65 66 -43.719128
65 67 -41.151135
65 74 -43.082070
65 75 -54.774100
65 76 -53.934968
65 85 -46.003755
66 46 -49.614502
66 55 -49.274225
66 56 -53.356107
66 57 -53.134406
66 64 -52.558383
66 65 -50.169183
66 67 -42.416336
66 68 -51.246039
66 75 -48.750334
66 76 -50.336377
66 77 -41.569327
66 86 -52.338187
67 47 -44.890988
67 56 -47.899292
67 57 -40.626518
67 58 -48.911992
67 65 -46.236154
67 66 -54.757420
67 68 -44.262921
67 69 -46.693527
67 76 -54.592278
67 77 -42.491052
67 78 -50.900333
67 87 -45.541567
68 48 -52.869704
68 57 -45.622239
68 58 -41.266332
68 59 -41.722890
68 66 -45.090109
68 67 -49.512370
68 69 -50.197310
68 77 -52.187331
68 78 -45.072194
68 79 -41.037682
68 88 -47.529152
69 49 -42.078817
69 58 -48.836553
69 59 -42.849184
69 67 -52.974597
69 68 -48.978849
69 78 -44.293263
69 79 -54.288793
69 89 -53.529504
70 50 -40.187102
70 60 -54.460768
70 61 -47.441140
70 71 -53.417447
70 72 -44.946100
70 80 -54.735415
70 81 -43.476143
70 90 -53.973202
71 51 -43.338716
71 60 -50.283702
71 61 -48.676352
71 62 -43.015008
71 70 -41.691607
71 72 -54.615547
71 73 -46.687736
71 80 -51.600454
71 81 -47.774203
71 82 -46.507278
71 91 -43.961244
72 52 -44.325512
72 61 -52.231374
72 62 -50.190749
72 63 -54.058584
72 70 -54.490793
72 71 -44.465194
72 73 -40.602534
72 74 -44.730160
72 81 -52.272287
72 82 -40.714706
72 83 -42.471103
72 92 -51.399706
73 53 -52.883578
73 62 -54.788478
73 63 -50.133752
73 64 -48.837634
73 71 -50.506544
73 72 -44.616205
73 74 -42.775213
73 75 -45.647663
73 82 -40.980986
73 83 -45.804526
73 84 -49.228190
73 93 -40.376238
74 54 -40.312124
74 63 -42.646384
74 64 -52.990070
74 65 -42.150509
74 72 -44.011895
74 73 -52.995918
74 75 -49.810956
74 76 -48.639685
74 83 -40.151071
74 84 -54.796145
74 85 -41.269597
74 94 -41.230023
75 55 -41.488686
75 64 -49.220502
75 65 -46.509891
75 66 -46.701119
75 73 -50.595735
75 74 -48.432929
75 76 -40.917036
75 77 -50.966270
75 84 -46.199841
75 85 -52.244621
75 86 -46.837364
75 95 -53.249839
76 56 -51.021021
76 65 -42.117027
76 66 -51.543052
76 67 -42.576768
76 74 -53.692551
76 75 -40.691094
76 77 -49.235820
76 78 -54.701710
76 85 -41.058149
76 86 -46.835293
76 87 -54.788411
76 96 -42.989929
77 57 -50.677116
77 66 -50.477579
77 67 -45.163444
77 68 -42.286142
77 75 -43.095775
77 76 -47.335036
77 78 -49.362837
77 79 -54.828243
77 86 -50.916576
77 87 -42.672601
77 88 -41.360784
77 97 -46.697347
78 58 -50.302813
78 67 -42.493586
78 68 -43.989249
78 69 -52.340172
78 76 -40.210160
78 77 -42.429353
78 79 -48.728676
78 87 -44.933671
78 88 -51.860557
78 89 -46.825599
78 98 -53.461108
79 59 -41.237897
79 68 -40.720808
79 69 -46.083042
79 77 -43.924101
79 78 -50.196475
79 88 -49.442310
79 89 -50.739257
79 99 -45.821092
80 60 -44.378572
80 70 -48.319793
80 71 -49.607906
80 81 -49.995979
80 82 -42.917531
80 90 -47.329625
80 91 -48.296114
81 61 -40.537976
81 70 -46.940151
81 71 -48.515295
81 72 -40.557675
81 80 -52.091175
81 82 -42.302883
81 83 -45.022238
81 90 -43.514198
81 91 -54.597723
81 92 -50.463401
82 62 -46.825249
82 71 -44.165183
82 72 -44.268611
82 73 -41.593016
82 80 -54.723117
82 81 -44.381871
82 83 -52.872916
82 84 -47.152094
82 91 -44.445919
82 92 -48.558891
82 93 -53.127669
83 63 -47.360188
83 72 -45.220445
83 73 -46.553190
83 74 -43.152171
83 81 -42.075563
83 82 -42.440740
83 84 -46.364598
83 85 -50.322567
83 92 -48.229504
83 93 -53.072883
83 94 -50.359609
84 64 -54.861991
84 73 -49.302459
84 74 -53.509945
84 75 -45.322751
84 82 -54.799966
84 83 -53.612007
84 85 -48.279830
84 86 -50.381019
84 93 -49.595212
84 94 -51.648282
84 95 -54.811134
85 65 -47.029468
85 74 -52.830531
85 75 -51.652708
85 76 -44.022579
85 83 -44.979166
85 84 -46.957789
85 86 -51.306229
85 87 -43.091283
85 94 -46.181311
85 95 -48.492772
85 96 -52.227139
86 66 -47.658814
86 75 -47.939203
86 76 -43.927651
86 77 -53.445064
86 84 -48.172427
86 85 -52.020762
86 87 -43.246436
86 88 -53.972703
86 95 -49.305421
86 96 -47.350178
86 97 -44.282339
87 67 -49.233547
87 76 -44.217559
87 77 -46.052846
87 78 -50.587509
87 85 -40.846129
87 86 -40.047967
87 88 -52.254230
87 89 -47.169323
87 96 -53.522979
87 97 -54.874262
87 98 -41.737168
88 68 -52.423284
88 77 -45.380814
88 78 -54.266945
88 79 -41.716696
88 86 -46.699705
88 87 -54.254266
88 89 -51.387092
88 97 -47.106296
88 98 -41.034888
88 99 -40.271714
89 69 -51.606087
89 78 -48.373310
89 79 -47.752956
89 87 -49.741023
89 88 -48.719441
89 98 -54.607663
89 99 -43.241776
90 70 -41.536655
90 80 -53.247185
90 81 -43.312602
90 91 -52.548989
90 92 -47.514773
91 71 -49.078900
91 80 -49.273336
91 81 -51.527071
91 82 -54.384128
91 90 -49.378469
91 92 -40.447812
91 93 -52.344353
92 72 -54.453892
92 81 -45.898594
92 82 -45.725990
92 83 -42.992316
92 90 -50.715336
92 91 -45.020091
92 93 -41.316981
92 94 -52.742249
93 73 -50.760369
93 82 -54.831064
93 83 -44.985944
93 84 -52.994374
93 91 -43.115461
93 92 -45.078607
93 94 -53.757904
93 95 -42.090563
94 74 -46.059147
94 83 -49.152060
94 84 -42.431732
94 85 -51.207163
94 92 -45.339478
94 93 -51.565430
94 95 -50.208741
94 96 -53.381364
95 75 -47.025386
95 84 -47.639209
95 85 -52.223271
95 86 -44.149552
95 93 -49.211688
95 94 -44.127578
95 96 -40.412103
95 97 -47.104803
96 76 -49.111736
96 85 -42.220304
96 86 -44.351214
96 87 -50.283787
96 94 -51.311960
96 95 -44.811610
96 97 -50.182481
96 98 -45.626784
97 77 -40.438271
97 86 -41.862163
97 87 -49.765538
97 88 -46.604475
97 95 -53.155419
97 96 -54.987102
97 98 -43.394025
97 99 -44.065994
98 78 -46.235660
98 87 -52.343383
98 88 -48.898639
98 89 -48.827576
98 96 -50.442537
98 97 -53.528261
98 99 -52.692558
99 79 -46.662884
99 88 -51.789661
99 89 -49.665971
99 97 -45.081291
99 98 -47.820732
100 0 -43.318733
0 100 -43.318733
100 1 -45.020032
1 100 -45.020032
100 10 -42.231292
10 100 -42.231292
101 0 -51.785193
0 101 -51.785193
101 1 -41.879702
1 101 -41.879702
101 2 -54.311518
2 101 -54.311518
101 11 -42.603374
11 101 -42.603374
102 1 -50.570662
1 102 -50.570662
102 2 -45.242043
2 102 -45.242043
102 3 -47.624061
3 102 -47.624061
102 12 -51.755465
12 102 -51.755465
103 2 -49.540110
2 103 -49.540110
103 3 -43.009870
3 103 -43.009870
103 4 -46.664567
4 103 -46.664567
103 13 -47.998679
13 103 -47.998679
104 3 -42.900121
3 104 -42.900121
104 4 -44.508040
4 104 -44.508040
104 5 -51.773528
5 104 -51.773528
104 14 -54.024087
14 104 -54.024087
105 4 -47.014514
4 105 -47.014514
105 5 -51.958130
5 105 -51.958130
105 6 -40.321162
6 105 -40.321162
105 15 -49.929483
15 105 -49.929483
106 5 -49.146515
5 106 -49.146515
106 6 -43.281647
6 106 -43.281647
106 7 -53.675151
7 106 -53.675151
106 16 -41.311986
16 106 -41.311986
107 6 -42.471697
6 107 -42.471697
107 7 -45.637794
7 107 -45.637794
107 8 -43.332837
8 107 -43.332837
107 17 -46.785377
17 107 -46.785377
108 7 -54.977302
7 108 -54.977302
108 8 -41.999271
8 108 -41.999271
108 9 -47.692398
9 108 -47.692398
108 18 -47.110811
18 108 -47.110811
109 8 -47.233018
8 109 -47.233018
109 9 -43.705288
9 109 -43.705288
109 19 -53.930888
19 109 -53.930888
110 0 -46.128309
0 110 -46.128309
110 10 -53.306425
10 110 -53.306425
110 11 -53.449323
11 110 -53.449323
110 20 -45.963359
20 110 -45.963359
111 1 -52.083194
1 111 -52.083194
111 10 -45.341151
10 111 -45.341151
111 11 -49.533366
11 111 -49.533366
111 12 -51.336279
12 111 -51.336279
111 21 -49.122286
21 111 -49.122286
112 2 -52.676876
2 112 -52.676876
112 11 -43.594017
11 112 -43.594017
112 12 -50.202779
12 112 -50.202779
112 13 -53.523865
13 112 -53.523865
112 22 -54.930920
22 112 -54.930920
113 3 -51.494229
3 113 -51.494229
113 12 -52.055709
12 113 -52.055709
113 13 -43.254566
13 113 -43.254566
113 14 -50.492391
14 113 -50.492391
113 23 -40.242336
23 113 -40.242336
114 4 -53.117740
4 114 -53.117740
114 13 -50.409677
13 114 -50.409677
114 14 -43.183224
14 114 -43.183224
114 15 -47.915652
15 114 -47.915652
114 24 -45.348649
24 114 -45.348649
115 5 -45.838563
5 115 -45.838563
115 14 -40.772664
14 115 -40.772664
115 15 -40.460674
15 115 -40.460674
115 16 -48.339035
16 115 -48.339035
115 25 -49.590244
25 115 -49.590244
116 6 -43.378018
6 116 -43.378018
116 15 -52.954284
15 116 -52.954284
116 16 -53.154613
16 116 -53.154613
116 17 -51.316966
17 116 -51.316966
116 26 -47.752387
26 116 -47.752387
117 7 -43.476808
7 117 -43.476808
117 16 -45.902493
16 117 -45.902493
117 17 -53.912691
17 117 -53.912691
117 18 -46.325819
18 117 -46.325819
117 27 -51.419200
27 117 -51.419200
118 8 -50.006714
8 118 -50.006714
118 17 -45.893378
17 118 -45.893378
118 18 -44.183629
18 118 -44.183629
118 19 -40.384733
19 118 -40.384733
118 28 -46.508230
28 118 -46.508230
119 9 -52.106429
9 119 -52.106429
119 18 -41.204061
18 119 -41.204061
119 19 -42.449657
19 119 -42.449657
119 29 -54.021921
29 119 -54.021921
120 10 -50.154613
10 120 -50.154613
120 20 -40.636110
20 120 -40.636110
120 21 -40.755477
21 120 -40.755477
120 30 -54.372792
30 120 -54.372792
121 11 -44.552270
11 121 -44.552270
121 20 -52.187060
20 121 -52.187060
121 21 -41.808041
21 121 -41.808041
121 22 -44.683541
22 121 -44.683541
121 31 -52.872341
31 121 -52.872341
122 12 -53.971523
12 122 -53.971523
122 21 -43.776531
21 122 -43.776531
122 22 -52.639933
22 122 -52.639933
122 23 -40.301885
23 122 -40.301885
122 32 -48.642798
32 122 -48.642798
123 13 -40.523684
13 123 -40.523684
123 22 -52.832384
22 123 -52.832384
123 23 -49.481411
23 123 -49.481411
123 24 -42.985366
24 123 -42.985366
123 33 -54.108142
33 123 -54.108142
124 14 -50.437219
14 124 -50.437219
124 23 -47.311988
23 124 -47.311988
124 24 -45.424743
24 124 -45.424743
124 25 -49.440386
25 124 -49.440386
124 34 -44.523849
34 124 -44.523849
125 15 -51.639092
15 125 -51.639092
125 24 -42.771775
24 125 -42.771775
125 25 -49.656336
25 125 -49.656336
125 26 -45.439851
26 125 -45.439851
125 35 -44.214443
35 125 -44.214443
126 16 -54.310177
16 126 -54.310177
126 25 -51.069568
25 126 -51.069568
126 26 -43.870840
26 126 -43.870840
126 27 -49.705773
27 126 -49.705773
126 36 -44.063667
36 126 -44.063667
127 17 -42.343150
17 127 -42.343150
127 26 -54.487512
26 127 -54.487512
127 27 -46.836498
27 127 -46.836498
127 28 -52.329764
28 127 -52.329764
127 37 -40.859663
37 127 -40.859663
128 18 -51.604803
18 128 -51.604803
128 27 -40.415381
27 128 -40.415381
128 28 -52.083632
28 128 -52.083632
128 29 -54.828568
29 128 -54.828568
128 38 -50.858529
38 128 -50.858529
129 19 -49.795172
19 129 -49.795172
129 28 -48.320518
28 129 -48.320518
129 29 -45.519362
29 129 -45.519362
129 39 -46.944656
39 129 -46.944656
130 20 -44.838017
20 130 -44.838017
130 30 -49.650968
30 130 -49.650968
130 31 -43.235778
31 130 -43.235778
130 40 -40.953674
40 130 -40.953674
131 21 -50.285634
21 131 -50.285634
131 30 -46.764004
30 131 -46.764004
131 31 -54.230335
31 131 -54.230335
131 32 -45.676903
32 131 -45.676903
131 41 -43.870463
41 131 -43.870463
132 22 -51.357881
22 132 -51.357881
132 31 -53.586711
31 132 -53.586711
132 32 -41.352848
32 132 -41.352848
132 33 -43.447878
33 132 -43.447878
132 42 -49.874483
42 132 -49.874483
133 23 -50.598888
23 133 -50.598888
133 32 -48.545981
32 133 -48.545981
133 33 -47.164544
33 133 -47.164544
133 34 -53.224029
34 133 -53.224029
133 43 -48.570248
43 133 -48.570248
134 24 -48.171290
24 134 -48.171290
134 33 -40.760340
33 134 -40.760340
134 34 -43.139748
34 134 -43.139748
134 35 -50.051028
35 134 -50.051028
134 44 -44.346059
44 134 -44.346059
135 25 -53.861672
25 135 -53.861672
135 34 -48.201599
34 135 -48.201599
135 35 -49.564562
35 135 -49.564562
135 36 -46.521137
36 135 -46.521137
135 45 -40.089609
45 135 -40.089609
136 26 -43.074735
26 136 -43.074735
136 35 -46.800883
35 136 -46.800883
136 36 -40.714159
36 136 -40.714159
136 37 -48.548833
37 136 -48.548833
136 46 -45.099130
46 136 -45.099130
137 27 -49.086174
27 137 -49.086174
137 36 -44.502195
36 137 -44.502195
137 37 -52.942143
37 137 -52.942143
137 38 -51.017511
38 137 -51.017511
137 47 -46.905678
47 137 -46.905678
138 28 -48.106885
28 138 -48.106885
138 37 -45.500868
37 138 -45.500868
138 38 -40.494294
38 138 -40.494294
138 39 -44.252688
39 138 -44.252688
138 48 -43.587150
48 138 -43.587150
139 29 -47.303911
29 139 -47.303911
139 38 -47.318218
38 139 -47.318218
139 39 -42.088787
39 139 -42.088787
139 49 -52.823231
49 139 -52.823231
140 30 -53.696740
30 140 -53.696740
140 40 -44.580165
40 140 -44.580165
140 41 -42.386428
41 140 -42.386428
140 50 -48.902547
50 140 -48.902547
141 31 -53.167918
31 141 -53.167918
141 40 -48.157915
40 141 -48.157915
141 41 -43.179612
41 141 -43.179612
141 42 -41.644465
42 141 -41.644465
141 51 -54.121682
51 141 -54.121682
142 32 -51.129603
32 142 -51.129603
142 41 -51.036963
41 142 -51.036963
142 42 -49.066903
42 142 -49.066903
142 43 -52.062022
43 142 -52.062022
142 52 -50.258538
52 142 -50.258538
143 33 -43.791348
33 143 -43.791348
143 42 -42.038833
42 143 -42.038833
143 43 -47.771334
43 143 -47.771334
143 44 -40.151305
44 143 -40.151305
143 53 -52.781370
53 143 -52.781370
144 34 -52.798951
34 144 -52.798951
144 43 -50.349761
43 144 -50.349761
144 44 -48.381137
44 144 -48.381137
144 45 -54.921469
45 144 -54.921469
144 54 -45.570669
54 144 -45.570669
145 35 -53.846454
35 145 -53.846454
145 44 -54.055695
44 145 -54.055695
145 45 -50.310803
45 145 -50.310803
145 46 -50.861162
46 145 -50.861162
145 55 -47.083430
55 145 -47.083430
146 36 -48.520366
36 146 -48.520366
146 45 -50.446596
45 146 -50.446596
146 46 -48.025056
46 146 -48.025056
146 47 -44.512388
47 146 -44.512388
146 56 -41.528899
56 146 -41.528899
147 37 -53.818478
37 147 -53.818478
147 46 -47.146072
46 147 -47.146072
147 47 -44.508601
47 147 -44.508601
147 48 -45.560280
48 147 -45.560280
147 57 -42.837043
57 147 -42.837043
148 38 -53.044997
38 148 -53.044997
148 47 -50.479209
47 148 -50.479209
148 48 -47.499237
48 148 -47.499237
148 49 -51.198048
49 148 -51.198048
148 58 -44.854426
58 148 -44.854426
149 39 -50.923397
39 149 -50.923397
149 48 -46.727393
48 149 -46.727393
149 49 -45.684556
49 149 -45.684556
149 59 -44.790364
59 149 -44.790364
150 40 -40.151853
40 150 -40.151853
150 50 -52.162713
50 150 -52.162713
150 51 -44.020713
51 150 -44.020713
150 60 -47.943406
60 150 -47.943406
151 41 -48.593838
41 151 -48.593838
151 50 -54.806172
50 151 -54.806172
151 51 -45.491194
51 151 -45.491194
151 52 -54.695571
52 151 -54.695571
151 61 -52.795717
61 151 -52.795717
152 42 -53.923289
42 152 -53.923289
152 51 -47.114188
51 152 -47.114188
152 52 -44.044961
52 152 -44.044961
152 53 -49.959547
53 152 -49.959547
152 62 -48.821361
62 152 -48.821361
153 43 -40.677998
43 153 -40.677998
153 52 -48.692423
52 153 -48.692423
153 53 -52.028657
53 153 -52.028657
153 54 -45.297017
54 153 -45.297017
153 63 -50.154335
63 153 -50.154335
154 44 -42.159785
44 154 -42.159785
154 53 -42.610419
53 154 -42.610419
154 54 -53.990535
54 154 -53.990535
154 55 -40.879629
55 154 -40.879629
154 64 -52.926210
64 154 -52.926210
155 45 -40.662703
45 155 -40.662703
155 54 -49.963345
54 155 -49.963345
155 55 -52.582967
55 155 -52.582967
155 56 -50.477470
56 155 -50.477470
155 65 -43.889732
65 155 -43.889732
156 46 -51.956446
46 156 -51.956446
156 55 -54.200390
55 156 -54.200390
156 56 -50.988009
56 156 -50.988009
156 57 -54.346906
57 156 -54.346906
156 66 -54.554956
66 156 -54.554956
157 47 -42.774338
47 157 -42.774338
157 56 -54.711382
56 157 -54.711382
157 57 -44.055535
57 157 -44.055535
157 58 -43.404270
58 157 -43.404270
157 67 -48.747783
67 157 -48.747783
158 48 -43.184014
48 158 -43.184014
158 57 -53.368267
57 158 -53.368267
158 58 -51.124972
58 158 -51.124972
158 59 -48.268064
59 158 -48.268064
158 68 -46.884869
68 158 -46.884869
159 49 -45.902170
49 159 -45.902170
159 58 -45.250296
58 159 -45.250296
159 59 -45.131430
59 159 -45.131430
159 69 -53.382267
69 159 -53.382267
160 50 -47.707697
50 160 -47.707697
160 60 -42.377867
60 160 -42.377867
160 61 -50.614835
61 160 -50.614835
160 70 -44.022258
70 160 -44.022258
161 51 -43.902126
51 161 -43.902126
161 60 -44.373333
60 161 -44.373333
161 61 -41.620244
61 161 -41.620244
161 62 -49.397021
62 161 -49.397021
161 71 -50.263878
71 161 -50.263878
162 52 -50.444398
52 162 -50.444398
162 61 -53.609702
61 162 -53.609702
162 62 -48.584528
62 162 -48.584528
162 63 -46.120859
63 162 -46.120859
162 72 -44.329002
72 162 -44.329002
163 53 -41.879224
53 163 -41.879224
163 62 -45.962099
62 163 -45.962099
163 63 -41.204696
63 163 -41.204696
163 64 -40.467286
64 163 -40.467286
163 73 -53.504152
73 163 -53.504152
164 54 -43.255985
54 164 -43.255985
164 63 -54.293612
63 164 -54.293612
164 64 -46.122154
64 164 -46.122154
164 65 -42.758214
65 164 -42.758214
164 74 -45.458263
74 164 -45.458263
165 55 -48.520304
55 165 -48.520304
165 64 -51.481868
64 165 -51.481868
165 65 -47.610392
65 165 -47.610392
165 66 -40.215021
66 165 -40.215021
165 75 -49.035811
75 165 -49.035811
166 56 -50.890093
56 166 -50.890093
166 65 -45.978500
65 166 -45.978500
166 66 -46.763615
66 166 -46.763615
166 67 -53.117426
67 166 -53.117426
166 76 -50.100371
76 166 -50.100371
167 57 -43.415046
57 167 -43.415046
167 66 -48.568986
66 167 -48.568986
167 67 -50.632088
67 167 -50.632088
167 68 -46.577658
68 167 -46.577658
167 77 -48.803839
77 167 -48.803839
168 58 -44.955899
58 168 -44.955899
168 67 -46.713066
67 168 -46.713066
168 68 -43.126609
68 168 -43.126609
168 69 -44.647558
69 168 -44.647558
168 78 -49.400017
78 168 -49.400017
169 59 -42.744018
59 169 -42.744018
169 68 -49.733289
68 169 -49.733289
169 69 -45.086947
69 169 -45.086947
169 79 -49.057098
79 169 -49.057098
170 60 -41.921696
60 170 -41.921696
170 70 -52.665494
70 170 -52.665494
170 71 -50.830501
71 170 -50.830501
170 80 -53.969103
80 170 -53.969103
171 61 -52.604375
61 171 -52.604375
171 70 -44.124830
70 171 -44.124830
171 71 -54.496217
71 171 -54.496217
171 72 -44.599153
72 171 -44.599153
171 81 -54.099621
81 171 -54.099621
172 62 -49.602490
62 172 -49.602490
172 71 -47.759428
71 172 -47.759428
172 72 -42.743556
72 172 -42.743556
172 73 -53.284652
73 172 -53.284652
172 82 -44.513947
82 172 -44.513947
173 63 -49.694620
63 173 -49.694620
173 72 -41.580754
72 173 -41.580754
173 73 -47.904436
73 173 -47.904436
173 74 -51.377220
74 173 -51.377220
173 83 -48.020339
83 173 -48.020339
174 64 -50.185667
64 174 -50.185667
174 73 -51.633284
73 174 -51.633284
174 74 -41.071149
74 174 -41.071149
174 75 -41.908568
75 174 -41.908568
174 84 -54.934125
84 174 -54.934125
175 65 -54.435249
65 175 -54.435249
175 74 -51.106873
74 175 -51.106873
175 75 -41.810220
75 175 -41.810220
175 76 -47.835788
76 175 -47.835788
175 85 -43.061093
85 175 -43.061093
176 66 -54.882988
66 176 -54.882988
176 75 -44.769104
75 176 -44.769104
176 76 -42.810937
76 176 -42.810937
176 77 -41.204191
77 176 -41.204191
176 86 -47.839256
86 176 -47.839256
177 67 -42.930256
67 177 -42.930256
177 76 -47.850205
76 177 -47.850205
177 77 -49.321783
77 177 -49.321783
177 78 -52.735445
78 177 -52.735445
177 87 -54.996228
87 177 -54.996228
178 68 -49.281953
68 178 -49.281953
178 77 -40.902210
77 178 -40.902210
178 78 -52.930363
78 178 -52.930363
178 79 -53.818617
79 178 -53.818617
178 88 -46.435335
88 178 -46.435335
179 69 -41.858971
69 179 -41.858971
179 78 -52.579339
78 179 -52.579339
179 79 -46.971370
79 179 -46.971370
179 89 -45.116817
89 179 -45.116817
180 70 -48.681341
70 180 -48.681341
180 80 -45.715868
80 180 -45.715868
180 81 -41.535449
81 180 -41.535449
180 90 -48.844644
90 180 -48.844644
181 71 -53.979561
71 181 -53.979561
181 80 -41.795122
80 181 -41.795122
181 81 -44.538476
81 181 -44.538476
181 82 -48.831360
82 181 -48.831360
181 91 -47.682544
91 181 -47.682544
182 72 -46.148176
72 182 -46.148176
182 81 -44.758579
81 182 -44.758579
182 82 -51.269076
82 182 -51.269076
182 83 -48.489754
83 182 -48.489754
182 92 -46.434544
92 182 -46.434544
183 73 -40.063804
73 183 -40.063804
183 82 -52.784971
82 183 -52.784971
183 83 -41.791134
83 183 -41.791134
183 84 -53.969491
84 183 -53.969491
183 93 -43.194841
93 183 -43.194841
184 74 -46.034490
74 184 -46.034490
184 83 -45.831397
83 184 -45.831397
184 84 -43.448162
84 184 -43.448162
184 85 -41.028060
85 184 -41.028060
184 94 -53.188679
94 184 -53.188679
185 75 -41.860201
75 185 -41.860201
185 84 -44.649391
84 185 -44.649391
185 85 -43.925650
85 185 -43.925650
185 86 -54.317159
86 185 -54.317159
185 95 -42.085333
95 185 -42.085333
186 76 -41.495765
76 186 -41.495765
186 85 -47.056627
85 186 -47.056627
186 86 -46.590475
86 186 -46.590475
186 87 -43.847201
87 186 -43.847201
186 96 -47.563834
96 186 -47.563834
187 77 -41.839476
77 187 -41.839476
187 86 -45.632784
86 187 -45.632784
187 87 -45.894927
87 187 -45.894927
187 88 -53.903909
88 187 -53.903909
187 97 -51.718449
97 187 -51.718449
188 78 -48.109479
78 188 -48.109479
188 87 -41.276162
87 188 -41.276162
188 88 -44.300128
88 188 -44.300128
188 89 -50.933798
89 188 -50.933798
188 98 -40.211103
98 188 -40.211103
189 79 -51.802068
79 189 -51.802068
189 88 -48.386386
88 189 -48.386386
189 89 -52.159846
89 189 -52.159846
189 99 -40.924435
99 189 -40.924435
190 80 -49.670870
80 190 -49.670870
190 90 -52.453476
90 190 -52.453476
190 91 -49.268520
91 190 -49.268520
191 81 -40.986888
81 191 -40.986888
191 90 -40.764217
90 191 -40.764217
191 91 -44.922763
91 191 -44.922763
191 92 -53.155423
92 191 -53.155423
192 82 -53.990740
82 192 -53.990740
192 91 -50.833203
91 192 -50.833203
192 92 -47.618953
92 192 -47.618953
192 93 -40.549350
93 192 -40.549350
193 83 -50.248914
83 193 -50.248914
193 92 -52.994162
92 193 -52.994162
193 93 -40.839402
93 193 -40.839402
193 94 -49.825076
94 193 -49.825076
194 84 -40.300463
84 194 -40.300463
194 93 -48.438269
93 194 -48.438269
194 94 -47.270760
94 194 -47.270760
194 95 -46.259304
95 194 -46.259304
195 85 -45.815713
85 195 -45.815713
195 94 -40.087622
94 195 -40.087622
195 95 -45.316905
95 195 -45.316905
195 96 -52.931087
96 195 -52.931087
196 86 -45.754865
86 196 -45.754865
196 95 -49.842374
95 196 -49.842374
196 96 -43.372226
96 196 -43.372226
196 97 -45.271284
97 196 -45.271284
197 87 -48.187648
87 197 -48.187648
197 96 -51.010131
96 197 -51.010131
197 97 -50.416647
97 197 -50.416647
197 98 -40.296839
98 197 -40.296839
198 88 -44.087971
88 198 -44.087971
198 97 -40.644338
97 198 -40.644338
198 98 -48.816503
98 198 -48.816503
198 99 -47.754001
99 198 -47.754001
199 89 -45.429639
89 199 -45.429639
199 98 -48.377117
98 199 -48.377117
199 99 -48.755383
99 199 -48.755383
