0 7
7 0
7 14
14 7
14 21
21 14
21 28
28 21
28 35
35 28
35 42
42 35
42 43
43 42
43 44
44 43
44 45
45 44
45 46
46 45
46 47
47 46
47 48
48 47
48 41
41 48
41 40
40 41
40 39
39 40
39 38
38 39
38 37
37 38
37 36
36 37
36 29
29 36
29 30
30 29
30 31
31 30
31 32
32 31
32 33
33 32
33 34
34 33
34 27
27 34
27 26
26 27
26 25
25 26
25 24
24 25
24 23
23 24
23 22
22 23
22 15
15 22
15 16
16 15
16 17
17 16
17 18
18 17
18 19
19 18
19 20
20 19
20 13
13 20
13 6
6 13
6 12
12 6
12 5
5 12
5 4
4 5
4 11
11 4
11 10
10 11
10 3
3 10
3 2
2 3
2 9
9 2
9 8
8 9
8 1
1 8
1 0
0 1
