41 43
43 41
43 22
22 43
22 11
11 22
11 45
45 11
45 13
13 45
13 26
26 13
26 44
44 26
44 20
20 44
20 32
32 20
32 19
19 32
19 0
0 19
0 47
47 0
47 28
28 47
28 2
2 28
2 40
40 2
40 38
38 40
38 42
42 38
42 9
9 42
9 8
8 9
8 46
46 8
46 18
18 46
18 7
7 18
7 4
4 7
4 14
14 4
14 36
36 14
36 29
29 36
29 3
3 29
3 24
24 3
24 5
5 24
5 10
10 5
10 17
17 10
17 33
33 17
33 1
1 33
1 6
6 1
6 25
25 6
25 23
23 25
23 21
21 23
21 35
35 21
35 12
12 35
12 30
30 12
30 16
16 30
16 48
48 16
48 15
15 48
15 39
39 15
39 37
37 39
37 31
31 37
31 34
34 31
34 27
27 34
27 41
41 27
