0 2
2 0
2 4
4 2
4 8
8 4
8 10
10 8
10 12
12 10
12 14
14 12
14 16
16 14
16 18
18 16
18 22
22 18
22 24
24 22
24 26
26 24
26 28
28 26
28 30
30 28
30 32
32 30
32 36
36 32
36 38
38 36
38 40
40 38
40 42
42 40
42 44
44 42
44 46
46 44
46 3
3 46
3 7
7 3
7 9
9 7
9 11
11 9
11 17
17 11
17 20
20 17
20 23
23 20
23 29
29 23
29 33
33 29
33 35
35 33
35 39
39 35
39 43
43 39
43 47
47 43
47 1
1 47
1 13
13 1
13 15
15 13
15 19
19 15
19 27
27 19
27 31
31 27
31 41
41 31
41 21
21 41
21 25
25 21
25 37
37 25
37 45
45 37
45 48
48 45
48 5
5 48
5 34
34 5
34 6
6 34
6 0
0 6
