0 1 -45.523326
0 7 -52.083251
1 0 -42.259266
1 2 -44.413238
1 8 -40.417229
2 1 -42.814994
2 3 -47.562699
2 9 -51.536934
3 2 -52.664687
3 4 -42.628855
3 10 -41.969879
4 3 -43.408243
4 5 -47.782954
4 11 -46.652266
5 4 -42.160883
5 6 -54.222785
5 12 -53.882181
6 5 -54.829397
6 13 -44.870785
7 0 -50.831595
7 8 -49.999907
7 14 -52.105567
8 1 -53.822319
8 7 -45.448697
8 9 -54.701932
8 15 -41.949858
9 2 -52.029880
9 8 -50.005484
9 10 -40.481826
9 16 -47.237962
10 3 -40.987697
10 9 -48.034062
10 11 -48.209128
10 17 -52.960994
11 4 -42.545541
11 10 -45.495002
11 12 -47.040432
11 18 -41.874122
12 5 -46.688233
12 11 -41.618650
12 13 -54.511256
12 19 -41.749828
13 6 -43.469773
13 12 -54.756463
13 20 -51.857991
14 7 -48.589833
14 15 -44.938337
14 21 -41.059175
15 8 -49.389266
15 14 -48.439265
15 16 -41.057417
15 22 -49.201975
16 9 -50.225047
16 15 -46.351952
16 17 -40.279908
16 23 -44.962184
17 10 -47.061003
17 16 -52.073429
17 18 -45.247352
17 24 -46.526392
18 11 -49.229284
18 17 -52.274818
18 19 -50.159588
18 25 -40.918329
19 12 -43.376257
19 18 -52.188799
19 20 -49.243506
19 26 -45.356307
20 13 -42.642460
20 19 -53.631292
20 27 -40.411170
21 14 -50.098926
21 22 -53.007644
21 28 -48.756720
22 15 -51.542719
22 21 -43.734581
22 23 -48.117026
22 29 -54.120825
23 16 -42.901746
23 22 -46.916208
23 24 -47.310732
23 30 -54.605620
24 17 -47.993930
24 23 -47.285406
24 25 -42.186422
24 31 -44.625054
25 18 -40.358579
25 24 -44.509063
25 26 -47.369172
25 32 -51.287483
26 19 -54.608968
26 25 -41.492696
26 27 -42.937082
26 33 -54.335862
27 20 -51.381950
27 26 -54.479763
27 34 -40.893906
28 21 -52.288980
28 29 -50.236188
28 35 -40.367954
29 22 -48.274116
29 28 -43.257203
29 30 -44.463918
29 36 -48.825761
30 23 -48.567768
30 29 -46.660917
30 31 -40.146877
30 37 -45.465749
31 24 -45.182005
31 30 -45.622483
31 32 -52.764629
31 38 -45.061632
32 25 -42.402101
32 31 -45.401140
32 33 -47.843658
32 39 -45.100640
33 26 -44.835400
33 32 -51.391388
33 34 -47.113267
33 40 -54.939307
34 27 -47.056136
34 33 -47.491476
34 41 -49.647608
35 28 -49.979828
35 36 -49.243238
35 42 -46.410759
36 29 -48.939760
36 35 -52.161320
36 37 -54.483603
36 43 -48.420676
37 30 -52.465569
37 36 -40.059899
37 38 -47.131905
37 44 -44.262572
38 31 -40.814557
38 37 -50.306910
38 39 -47.401431
38 45 -43.739286
39 32 -46.079993
39 38 -43.338640
39 40 -40.640738
39 46 -48.619915
40 33 -49.446145
40 39 -50.259477
40 41 -50.138260
40 47 -42.497425
41 34 -44.358024
41 40 -43.529175
41 48 -50.638679
42 35 -44.255021
42 43 -42.188588
43 36 -53.153392
43 42 -40.925528
43 44 -50.521589
44 37 -42.814240
44 43 -41.327090
44 45 -53.335797
45 38 -51.217850
45 44 -49.711746
45 46 -48.142162
46 39 -48.677580
46 45 -53.913521
46 47 -51.311235
47 40 -46.180841
47 46 -51.791099
47 48 -48.594885
48 41 -41.216290
48 47 -43.878255
49 0 -51.558265
0 49 -51.558265
49 1 -42.954539
1 49 -42.954539
50 1 -48.657756
1 50 -48.657756
50 2 -40.029518
2 50 -40.029518
51 2 -48.851876
2 51 -48.851876
51 3 -50.385784
3 51 -50.385784
52 3 -40.033875
3 52 -40.033875
52 4 -40.586593
4 52 -40.586593
53 4 -47.447685
4 53 -47.447685
53 5 -45.516822
5 53 -45.516822
54 5 -43.703001
5 54 -43.703001
54 6 -49.205445
6 54 -49.205445
55 0 -52.239987
0 55 -52.239987
55 7 -54.701641
7 55 -54.701641
56 1 -49.486829
1 56 -49.486829
56 8 -44.083007
8 56 -44.083007
57 2 -45.596428
2 57 -45.596428
57 9 -53.272432
9 57 -53.272432
58 3 -46.764710
3 58 -46.764710
58 10 -47.431228
10 58 -47.431228
59 4 -42.548524
4 59 -42.548524
59 11 -48.417588
11 59 -48.417588
60 5 -46.397162
5 60 -46.397162
60 12 -44.483518
12 60 -44.483518
61 6 -52.048376
6 61 -52.048376
61 13 -44.456970
13 61 -44.456970
62 7 -42.860960
7 62 -42.860960
62 8 -51.602400
8 62 -51.602400
63 8 -52.832725
8 63 -52.832725
63 9 -44.008650
9 63 -44.008650
64 9 -45.012066
9 64 -45.012066
64 10 -41.558725
10 64 -41.558725
65 10 -48.517936
10 65 -48.517936
65 11 -51.979611
11 65 -51.979611
66 11 -43.530047
11 66 -43.530047
66 12 -51.131107
12 66 -51.131107
67 12 -49.867355
12 67 -49.867355
67 13 -42.536526
13 67 -42.536526
68 7 -45.693329
7 68 -45.693329
68 14 -47.638026
14 68 -47.638026
69 8 -49.056684
8 69 -49.056684
69 15 -48.382187
15 69 -48.382187
70 9 -43.594047
9 70 -43.594047
70 16 -45.837372
16 70 -45.837372
71 10 -42.954212
10 71 -42.954212
71 17 -53.574741
17 71 -53.574741
72 11 -46.844580
11 72 -46.844580
72 18 -42.014304
18 72 -42.014304
73 12 -49.838990
12 73 -49.838990
73 19 -45.774282
19 73 -45.774282
74 13 -45.600027
13 74 -45.600027
74 20 -49.258590
20 74 -49.258590
75 14 -43.943373
14 75 -43.943373
75 15 -46.749170
15 75 -46.749170
76 15 -51.752733
15 76 -51.752733
76 16 -53.977708
16 76 -53.977708
77 16 -41.665575
16 77 -41.665575
77 17 -50.422191
17 77 -50.422191
78 17 -50.923165
17 78 -50.923165
78 18 -52.576532
18 78 -52.576532
79 18 -52.292593
18 79 -52.292593
79 19 -45.027137
19 79 -45.027137
80 19 -52.584321
19 80 -52.584321
80 20 -51.087263
20 80 -51.087263
81 14 -53.542162
14 81 -53.542162
81 21 -40.213862
21 81 -40.213862
82 15 -45.624012
15 82 -45.624012
82 22 -49.300162
22 82 -49.300162
83 16 -53.769099
16 83 -53.769099
83 23 -54.750186
23 83 -54.750186
84 17 -45.741283
17 84 -45.741283
84 24 -50.709838
24 84 -50.709838
85 18 -51.829780
18 85 -51.829780
85 25 -53.129653
25 85 -53.129653
86 19 -45.331340
19 86 -45.331340
86 26 -54.409716
26 86 -54.409716
87 20 -46.579964
20 87 -46.579964
87 27 -42.765490
27 87 -42.765490
88 21 -42.760680
21 88 -42.760680
88 22 -50.928915
22 88 -50.928915
89 22 -52.977765
22 89 -52.977765
89 23 -50.974895
23 89 -50.974895
90 23 -43.425870
23 90 -43.425870
90 24 -40.614110
24 90 -40.614110
91 24 -42.163557
24 91 -42.163557
91 25 -44.191791
25 91 -44.191791
92 25 -50.840483
25 92 -50.840483
92 26 -44.700167
26 92 -44.700167
93 26 -54.711383
26 93 -54.711383
93 27 -40.998149
27 93 -40.998149
94 21 -54.057889
21 94 -54.057889
94 28 -40.718481
28 94 -40.718481
95 22 -42.895080
22 95 -42.895080
95 29 -46.380308
29 95 -46.380308
96 23 -49.398888
23 96 -49.398888
96 30 -53.259159
30 96 -53.259159
97 24 -46.728623
24 97 -46.728623
97 31 -50.268011
31 97 -50.268011
98 25 -47.150336
25 98 -47.150336
98 32 -53.180073
32 98 -53.180073
99 26 -41.308700
26 99 -41.308700
99 33 -48.437274
33 99 -48.437274
100 27 -41.254869
27 100 -41.254869
100 34 -47.435343
34 100 -47.435343
101 28 -49.639999
28 101 -49.639999
101 29 -47.246381
29 101 -47.246381
102 29 -49.354244
29 102 -49.354244
102 30 -51.781481
30 102 -51.781481
103 30 -46.618854
30 103 -46.618854
103 31 -50.908717
31 103 -50.908717
104 31 -44.201338
31 104 -44.201338
104 32 -45.632374
32 104 -45.632374
105 32 -46.727944
32 105 -46.727944
105 33 -46.232302
33 105 -46.232302
106 33 -48.289293
33 106 -48.289293
106 34 -46.958062
34 106 -46.958062
107 28 -53.564208
28 107 -53.564208
107 35 -53.492108
35 107 -53.492108
108 29 -52.294940
29 108 -52.294940
108 36 -48.785726
36 108 -48.785726
109 30 -50.796217
30 109 -50.796217
109 37 -45.277474
37 109 -45.277474
110 31 -49.900962
31 110 -49.900962
110 38 -44.688883
38 110 -44.688883
111 32 -41.447844
32 111 -41.447844
111 39 -44.226903
39 111 -44.226903
112 33 -47.678474
33 112 -47.678474
112 40 -46.499257
40 112 -46.499257
113 34 -43.496406
34 113 -43.496406
113 41 -47.220730
41 113 -47.220730
114 35 -46.774728
35 114 -46.774728
114 36 -49.493870
36 114 -49.493870
115 36 -40.103480
36 115 -40.103480
115 37 -47.476379
37 115 -47.476379
116 37 -48.546666
37 116 -48.546666
116 38 -51.519550
38 116 -51.519550
117 38 -46.487847
38 117 -46.487847
117 39 -53.595671
39 117 -53.595671
118 39 -41.388930
39 118 -41.388930
118 40 -52.993078
40 118 -52.993078
119 40 -54.591488
40 119 -54.591488
119 41 -52.190606
41 119 -52.190606
120 35 -44.726998
35 120 -44.726998
120 42 -52.430142
42 120 -52.430142
121 36 -41.188692
36 121 -41.188692
121 43 -54.168519
43 121 -54.168519
122 37 -43.485419
37 122 -43.485419
122 44 -49.419956
44 122 -49.419956
123 38 -49.972888
38 123 -49.972888
123 45 -48.777825
45 123 -48.777825
124 39 -42.349280
39 124 -42.349280
124 46 -43.655180
46 124 -43.655180
125 40 -45.259808
40 125 -45.259808
125 47 -42.077161
47 125 -42.077161
126 41 -45.514116
41 126 -45.514116
126 48 -42.041595
48 126 -42.041595
127 42 -40.130377
42 127 -40.130377
127 43 -40.539114
43 127 -40.539114
128 43 -51.813534
43 128 -51.813534
128 44 -47.158241
44 128 -47.158241
129 44 -53.714984
44 129 -53.714984
129 45 -44.952101
45 129 -44.952101
130 45 -54.465612
45 130 -54.465612
130 46 -52.769171
46 130 -52.769171
131 46 -42.185868
46 131 -42.185868
131 47 -41.714492
47 131 -41.714492
132 47 -46.497606
47 132 -46.497606
132 48 -44.359140
48 132 -44.359140
