0 1 -46.741865
0 2 -46.892929
0 5 -48.355671
0 6 -43.924260
0 10 -46.948681
1 0 -43.279804
1 2 -50.235716
1 3 -44.045230
1 5 -52.947017
1 6 -49.664788
1 7 -45.357467
1 11 -49.735323
2 0 -45.360689
2 1 -52.214203
2 3 -40.542065
2 4 -53.072006
2 6 -54.260261
2 7 -41.704626
2 8 -44.769109
2 12 -40.641995
3 1 -44.319705
3 2 -47.596887
3 4 -48.866717
3 7 -42.889936
3 8 -44.373765
3 9 -48.249250
3 13 -44.459529
4 2 -42.471142
4 3 -52.673401
4 8 -53.599944
4 9 -54.087623
4 14 -47.828687
5 0 -46.182684
5 1 -50.330765
5 6 -43.907775
5 7 -52.037278
5 10 -54.542304
5 11 -49.884344
5 15 -49.761177
6 0 -49.568176
6 1 -49.855364
6 2 -49.372846
6 5 -53.835944
6 7 -52.017805
6 8 -53.783356
6 10 -42.816790
6 11 -49.645287
6 12 -49.051221
6 16 -42.134640
7 1 -52.910113
7 2 -54.809196
7 3 -44.607080
7 5 -50.760952
7 6 -45.284382
7 8 -40.760520
7 9 -42.000764
7 11 -44.672819
7 12 -48.289841
7 13 -42.816052
7 17 -50.641197
8 2 -46.110457
8 3 -53.028255
8 4 -53.120245
8 6 -44.471539
8 7 -48.362214
8 9 -47.390459
8 12 -51.172136
8 13 -50.409595
8 14 -49.539875
8 18 -43.664629
9 3 -50.268994
9 4 -43.286238
9 7 -48.084408
9 8 -43.100969
9 13 -53.017608
9 14 -43.849511
9 19 -47.644029
10 0 -48.909558
10 5 -42.063252
10 6 -40.601236
10 11 -52.491987
10 12 -48.655808
10 15 -45.035388
10 16 -50.894389
10 20 -43.042373
11 1 -52.215326
11 5 -41.854491
11 6 -54.910226
11 7 -41.723074
11 10 -52.494887
11 12 -40.448982
11 13 -52.877415
11 15 -53.719277
11 16 -51.781330
11 17 -47.784317
11 21 -50.802008
12 2 -49.735945
12 6 -48.374935
12 7 -52.900837
12 8 -49.862920
12 10 -46.136138
12 11 -53.413954
12 13 -53.569056
12 14 -45.918665
12 16 -40.015117
12 17 -49.660633
12 18 -40.435637
12 22 -42.750368
13 3 -49.729429
13 7 -53.173189
13 8 -46.452326
13 9 -48.556290
13 11 -51.394600
13 12 -46.680409
13 14 -47.769932
13 17 -49.661909
13 18 -49.130088
13 19 -49.797036
13 23 -50.774489
14 4 -46.688214
14 8 -52.738464
14 9 -46.184655
14 12 -51.918804
14 13 -48.129897
14 18 -51.429808
14 19 -52.491466
14 24 -51.189846
15 5 -52.854379
15 10 -45.310300
15 11 -51.179805
15 16 -54.701129
15 17 -44.419898
15 20 -49.213135
15 21 -53.220486
16 6 -45.287481
16 10 -52.612973
16 11 -47.638289
16 12 -53.001605
16 15 -46.120755
16 17 -53.853096
16 18 -53.331597
16 20 -42.218136
16 21 -52.670562
16 22 -54.292862
17 7 -42.669961
17 11 -49.054000
17 12 -48.064896
17 13 -50.413418
17 15 -51.745149
17 16 -45.501263
17 18 -48.378517
17 19 -50.201677
17 21 -53.008235
17 22 -45.977834
17 23 -48.094890
18 8 -49.480829
18 12 -53.238044
18 13 -54.795167
18 14 -53.195406
18 16 -42.578806
18 17 -46.589742
18 19 -44.739593
18 22 -40.556231
18 23 -53.965011
18 24 -47.348451
19 9 -40.312956
19 13 -49.928533
19 14 -41.205723
19 17 -47.708082
19 18 -47.585739
19 23 -53.377164
19 24 -49.726809
20 10 -48.601387
20 15 -45.759871
20 16 -47.455361
20 21 -45.290434
20 22 -54.225763
21 11 -42.287382
21 15 -41.398415
21 16 -45.343802
21 17 -48.637947
21 20 -45.238916
21 22 -45.973272
21 23 -45.063831
22 12 -41.300506
22 16 -51.213388
22 17 -41.565599
22 18 -42.664694
22 20 -47.632388
22 21 -45.085626
22 23 -44.378278
22 24 -40.912317
23 13 -43.402082
23 17 -54.200559
23 18 -49.987465
23 19 -54.437948
23 21 -45.544888
23 22 -42.135260
23 24 -54.620636
24 14 -42.216675
24 18 -51.655062
24 19 -47.200042
24 22 -44.621948
24 23 -46.226961
25 0 -53.757875
0 25 -53.757875
25 1 -49.476147
1 25 -49.476147
25 5 -53.919472
5 25 -53.919472
26 0 -43.845820
0 26 -43.845820
26 1 -41.409454
1 26 -41.409454
26 2 -50.440359
2 26 -50.440359
26 6 -41.740882
6 26 -41.740882
27 1 -41.965401
1 27 -41.965401
27 2 -45.392656
2 27 -45.392656
27 3 -50.162851
3 27 -50.162851
27 7 -53.786180
7 27 -53.786180
28 2 -43.506551
2 28 -43.506551
28 3 -51.801492
3 28 -51.801492
28 4 -52.970433
4 28 -52.970433
28 8 -47.139903
8 28 -47.139903
29 3 -43.309928
3 29 -43.309928
29 4 -51.914395
4 29 -51.914395
29 9 -53.741170
9 29 -53.741170
30 0 -41.100392
0 30 -41.100392
30 5 -50.319834
5 30 -50.319834
30 6 -43.026827
6 30 -43.026827
30 10 -42.554158
10 30 -42.554158
31 1 -41.394746
1 31 -41.394746
31 5 -51.819601
5 31 -51.819601
31 6 -46.820055
6 31 -46.820055
31 7 -44.789857
7 31 -44.789857
31 11 -54.939650
11 31 -54.939650
32 2 -49.972269
2 32 -49.972269
32 6 -52.267960
6 32 -52.267960
32 7 -48.181718
7 32 -48.181718
32 8 -45.864470
8 32 -45.864470
32 12 -42.439724
12 32 -42.439724
33 3 -53.019055
3 33 -53.019055
33 7 -44.837159
7 33 -44.837159
33 8 -49.988728
8 33 -49.988728
33 9 -54.653633
9 33 -54.653633
33 13 -48.106242
13 33 -48.106242
34 4 -47.517914
4 34 -47.517914
34 8 -53.210630
8 34 -53.210630
34 9 -50.621504
9 34 -50.621504
34 14 -44.334115
14 34 -44.334115
35 5 -52.878629
5 35 -52.878629
35 10 -46.108807
10 35 -46.108807
35 11 -54.232020
11 35 -54.232020
35 15 -47.805190
15 35 -47.805190
36 6 -46.741258
6 36 -46.741258
36 10 -52.437261
10 36 -52.437261
36 11 -45.858063
11 36 -45.858063
36 12 -44.964935
12 36 -44.964935
36 16 -45.416880
16 36 -45.416880
37 7 -51.893612
7 37 -51.893612
37 11 -41.904698
11 37 -41.904698
37 12 -41.892322
12 37 -41.892322
37 13 -47.218145
13 37 -47.218145
37 17 -41.139733
17 37 -41.139733
38 8 -53.159569
8 38 -53.159569
38 12 -52.603374
12 38 -52.603374
38 13 -43.245528
13 38 -43.245528
38 14 -48.654277
14 38 -48.654277
38 18 -44.980497
18 38 -44.980497
39 9 -41.552220
9 39 -41.552220
39 13 -45.564359
13 39 -45.564359
39 14 -49.993094
14 39 -49.993094
39 19 -49.162684
19 39 -49.162684
40 10 -49.739225
10 40 -49.739225
40 15 -47.484628
15 40 -47.484628
40 16 -49.588830
16 40 -49.588830
40 20 -44.936440
20 40 -44.936440
41 11 -40.873428
11 41 -40.873428
41 15 -43.226660
15 41 -43.226660
41 16 -42.046375
16 41 -42.046375
41 17 -41.439075
17 41 -41.439075
41 21 -51.931082
21 41 -51.931082
42 12 -43.301931
12 42 -43.301931
42 16 -51.144405
16 42 -51.144405
42 17 -50.489406
17 42 -50.489406
42 18 -42.491135
18 42 -42.491135
42 22 -45.032280
22 42 -45.032280
43 13 -49.558387
13 43 -49.558387
43 17 -41.841392
17 43 -41.841392
43 18 -50.407042
18 43 -50.407042
43 19 -54.631470
19 43 -54.631470
43 23 -51.460638
23 43 -51.460638
44 14 -45.396318
14 44 -45.396318
44 18 -48.719401
18 44 -48.719401
44 19 -40.558302
19 44 -40.558302
44 24 -53.997245
24 44 -53.997245
45 15 -41.689671
15 45 -41.689671
45 20 -42.306776
20 45 -42.306776
45 21 -44.276193
21 45 -44.276193
46 16 -48.505302
16 46 -48.505302
46 20 -46.913807
20 46 -46.913807
46 21 -51.263549
21 46 -51.263549
46 22 -50.760001
22 46 -50.760001
47 17 -44.579449
17 47 -44.579449
47 21 -50.892489
21 47 -50.892489
47 22 -47.935438
22 47 -47.935438
47 23 -46.390687
23 47 -46.390687
48 18 -46.669819
18 48 -46.669819
48 22 -51.115239
22 48 -51.115239
48 23 -42.350852
23 48 -42.350852
48 24 -44.422351
24 48 -44.422351
49 19 -49.219700
19 49 -49.219700
49 23 -43.590528
23 49 -43.590528
49 24 -46.497801
24 49 -46.497801
